PCAReducer Reduction and Clustering
----------------------------------------
Expectation-maximization algorithm started.
Initialization 1
	EM iteration 1
	EM iteration 2
	EM iteration 3
	EM iteration 4
	EM iteration 5
	EM iteration 6
	EM iteration 7
	EM iteration 8
		EM algorithm converged.
[[ 0.22222222  0.625       0.06779661  0.04166667]
 [ 0.16666667  0.41666667  0.06779661  0.04166667]
 [ 0.11111111  0.5         0.05084746  0.04166667]
 [ 0.08333333  0.45833333  0.08474576  0.04166667]
 [ 0.19444444  0.66666667  0.06779661  0.04166667]
 [ 0.30555556  0.79166667  0.11864407  0.125     ]
 [ 0.08333333  0.58333333  0.06779661  0.08333333]
 [ 0.19444444  0.58333333  0.08474576  0.04166667]
 [ 0.02777778  0.375       0.06779661  0.04166667]
 [ 0.16666667  0.45833333  0.08474576  0.        ]
 [ 0.30555556  0.70833333  0.08474576  0.04166667]
 [ 0.13888889  0.58333333  0.10169492  0.04166667]
 [ 0.13888889  0.41666667  0.06779661  0.        ]
 [ 0.          0.41666667  0.01694915  0.        ]
 [ 0.41666667  0.83333333  0.03389831  0.04166667]
 [ 0.38888889  1.          0.08474576  0.125     ]
 [ 0.30555556  0.79166667  0.05084746  0.125     ]
 [ 0.22222222  0.625       0.06779661  0.08333333]
 [ 0.38888889  0.75        0.11864407  0.08333333]
 [ 0.22222222  0.75        0.08474576  0.08333333]
 [ 0.30555556  0.58333333  0.11864407  0.04166667]
 [ 0.22222222  0.70833333  0.08474576  0.125     ]
 [ 0.08333333  0.66666667  0.          0.04166667]
 [ 0.22222222  0.54166667  0.11864407  0.16666667]
 [ 0.13888889  0.58333333  0.15254237  0.04166667]
 [ 0.19444444  0.41666667  0.10169492  0.04166667]
 [ 0.19444444  0.58333333  0.10169492  0.125     ]
 [ 0.25        0.625       0.08474576  0.04166667]
 [ 0.25        0.58333333  0.06779661  0.04166667]
 [ 0.11111111  0.5         0.10169492  0.04166667]
 [ 0.13888889  0.45833333  0.10169492  0.04166667]
 [ 0.30555556  0.58333333  0.08474576  0.125     ]
 [ 0.25        0.875       0.08474576  0.        ]
 [ 0.33333333  0.91666667  0.06779661  0.04166667]
 [ 0.16666667  0.45833333  0.08474576  0.        ]
 [ 0.19444444  0.5         0.03389831  0.04166667]
 [ 0.33333333  0.625       0.05084746  0.04166667]
 [ 0.16666667  0.45833333  0.08474576  0.        ]
 [ 0.02777778  0.41666667  0.05084746  0.04166667]
 [ 0.22222222  0.58333333  0.08474576  0.04166667]
 [ 0.19444444  0.625       0.05084746  0.08333333]
 [ 0.05555556  0.125       0.05084746  0.08333333]
 [ 0.02777778  0.5         0.05084746  0.04166667]
 [ 0.19444444  0.625       0.10169492  0.20833333]
 [ 0.22222222  0.75        0.15254237  0.125     ]
 [ 0.13888889  0.41666667  0.06779661  0.08333333]
 [ 0.22222222  0.75        0.10169492  0.04166667]
 [ 0.08333333  0.5         0.06779661  0.04166667]
 [ 0.27777778  0.70833333  0.08474576  0.04166667]
 [ 0.19444444  0.54166667  0.06779661  0.04166667]
 [ 0.75        0.5         0.62711864  0.54166667]
 [ 0.58333333  0.5         0.59322034  0.58333333]
 [ 0.72222222  0.45833333  0.66101695  0.58333333]
 [ 0.33333333  0.125       0.50847458  0.5       ]
 [ 0.61111111  0.33333333  0.61016949  0.58333333]
 [ 0.38888889  0.33333333  0.59322034  0.5       ]
 [ 0.55555556  0.54166667  0.62711864  0.625     ]
 [ 0.16666667  0.16666667  0.38983051  0.375     ]
 [ 0.63888889  0.375       0.61016949  0.5       ]
 [ 0.25        0.29166667  0.49152542  0.54166667]
 [ 0.19444444  0.          0.42372881  0.375     ]
 [ 0.44444444  0.41666667  0.54237288  0.58333333]
 [ 0.47222222  0.08333333  0.50847458  0.375     ]
 [ 0.5         0.375       0.62711864  0.54166667]
 [ 0.36111111  0.375       0.44067797  0.5       ]
 [ 0.66666667  0.45833333  0.57627119  0.54166667]
 [ 0.36111111  0.41666667  0.59322034  0.58333333]
 [ 0.41666667  0.29166667  0.52542373  0.375     ]
 [ 0.52777778  0.08333333  0.59322034  0.58333333]
 [ 0.36111111  0.20833333  0.49152542  0.41666667]
 [ 0.44444444  0.5         0.6440678   0.70833333]
 [ 0.5         0.33333333  0.50847458  0.5       ]
 [ 0.55555556  0.20833333  0.66101695  0.58333333]
 [ 0.5         0.33333333  0.62711864  0.45833333]
 [ 0.58333333  0.375       0.55932203  0.5       ]
 [ 0.63888889  0.41666667  0.57627119  0.54166667]
 [ 0.69444444  0.33333333  0.6440678   0.54166667]
 [ 0.66666667  0.41666667  0.6779661   0.66666667]
 [ 0.47222222  0.375       0.59322034  0.58333333]
 [ 0.38888889  0.25        0.42372881  0.375     ]
 [ 0.33333333  0.16666667  0.47457627  0.41666667]
 [ 0.33333333  0.16666667  0.45762712  0.375     ]
 [ 0.41666667  0.29166667  0.49152542  0.45833333]
 [ 0.47222222  0.29166667  0.69491525  0.625     ]
 [ 0.30555556  0.41666667  0.59322034  0.58333333]
 [ 0.47222222  0.58333333  0.59322034  0.625     ]
 [ 0.66666667  0.45833333  0.62711864  0.58333333]
 [ 0.55555556  0.125       0.57627119  0.5       ]
 [ 0.36111111  0.41666667  0.52542373  0.5       ]
 [ 0.33333333  0.20833333  0.50847458  0.5       ]
 [ 0.33333333  0.25        0.57627119  0.45833333]
 [ 0.5         0.41666667  0.61016949  0.54166667]
 [ 0.41666667  0.25        0.50847458  0.45833333]
 [ 0.19444444  0.125       0.38983051  0.375     ]
 [ 0.36111111  0.29166667  0.54237288  0.5       ]
 [ 0.38888889  0.41666667  0.54237288  0.45833333]
 [ 0.38888889  0.375       0.54237288  0.5       ]
 [ 0.52777778  0.375       0.55932203  0.5       ]
 [ 0.22222222  0.20833333  0.33898305  0.41666667]
 [ 0.38888889  0.33333333  0.52542373  0.5       ]
 [ 0.55555556  0.54166667  0.84745763  1.        ]
 [ 0.41666667  0.29166667  0.69491525  0.75      ]
 [ 0.77777778  0.41666667  0.83050847  0.83333333]
 [ 0.55555556  0.375       0.77966102  0.70833333]
 [ 0.61111111  0.41666667  0.81355932  0.875     ]
 [ 0.91666667  0.41666667  0.94915254  0.83333333]
 [ 0.16666667  0.20833333  0.59322034  0.66666667]
 [ 0.83333333  0.375       0.89830508  0.70833333]
 [ 0.66666667  0.20833333  0.81355932  0.70833333]
 [ 0.80555556  0.66666667  0.86440678  1.        ]
 [ 0.61111111  0.5         0.69491525  0.79166667]
 [ 0.58333333  0.29166667  0.72881356  0.75      ]
 [ 0.69444444  0.41666667  0.76271186  0.83333333]
 [ 0.38888889  0.20833333  0.6779661   0.79166667]
 [ 0.41666667  0.33333333  0.69491525  0.95833333]
 [ 0.58333333  0.5         0.72881356  0.91666667]
 [ 0.61111111  0.41666667  0.76271186  0.70833333]
 [ 0.94444444  0.75        0.96610169  0.875     ]
 [ 0.94444444  0.25        1.          0.91666667]
 [ 0.47222222  0.08333333  0.6779661   0.58333333]
 [ 0.72222222  0.5         0.79661017  0.91666667]
 [ 0.36111111  0.33333333  0.66101695  0.79166667]
 [ 0.94444444  0.33333333  0.96610169  0.79166667]
 [ 0.55555556  0.29166667  0.66101695  0.70833333]
 [ 0.66666667  0.54166667  0.79661017  0.83333333]
 [ 0.80555556  0.5         0.84745763  0.70833333]
 [ 0.52777778  0.33333333  0.6440678   0.70833333]
 [ 0.5         0.41666667  0.66101695  0.70833333]
 [ 0.58333333  0.33333333  0.77966102  0.83333333]
 [ 0.80555556  0.41666667  0.81355932  0.625     ]
 [ 0.86111111  0.33333333  0.86440678  0.75      ]
 [ 1.          0.75        0.91525424  0.79166667]
 [ 0.58333333  0.33333333  0.77966102  0.875     ]
 [ 0.55555556  0.33333333  0.69491525  0.58333333]
 [ 0.5         0.25        0.77966102  0.54166667]
 [ 0.94444444  0.41666667  0.86440678  0.91666667]
 [ 0.55555556  0.58333333  0.77966102  0.95833333]
 [ 0.58333333  0.45833333  0.76271186  0.70833333]
 [ 0.47222222  0.41666667  0.6440678   0.70833333]
 [ 0.72222222  0.45833333  0.74576271  0.83333333]
 [ 0.66666667  0.45833333  0.77966102  0.95833333]
 [ 0.72222222  0.45833333  0.69491525  0.91666667]
 [ 0.41666667  0.29166667  0.69491525  0.75      ]
 [ 0.69444444  0.5         0.83050847  0.91666667]
 [ 0.66666667  0.54166667  0.79661017  1.        ]
 [ 0.66666667  0.41666667  0.71186441  0.91666667]
 [ 0.55555556  0.20833333  0.6779661   0.75      ]
 [ 0.61111111  0.41666667  0.71186441  0.79166667]
 [ 0.52777778  0.58333333  0.74576271  0.91666667]
 [ 0.44444444  0.41666667  0.69491525  0.70833333]]
Expectation-maximization algorithm started.
Initialization 1
	EM iteration 1
	EM iteration 2
	EM iteration 3
	EM iteration 4
	EM iteration 5
	EM iteration 6
	EM iteration 7
	EM iteration 8
		EM algorithm converged.
AIC Score:-754
BIC Score:-676
----------------------------------------
Expectation-maximization algorithm started.
Initialization 1
	EM iteration 1
	EM iteration 2
	EM iteration 3
	EM iteration 4
	EM iteration 5
	EM iteration 6
	EM iteration 7
		EM algorithm converged.
[[ 0.07531021  0.40291322  0.56349865]
 [ 0.07950539  0.61244344  0.62408235]
 [ 0.05103666  0.55993649  0.48579502]
 [ 0.06036881  0.61093832  0.47862322]
 [ 0.06428996  0.37719886  0.49551824]
 [ 0.13459384  0.2232522   0.47556194]
 [ 0.05928363  0.4984806   0.34090686]
 [ 0.07821411  0.4528368   0.55400034]
 [ 0.04689189  0.70755076  0.45264704]
 [ 0.06559876  0.57578177  0.64948757]
 [ 0.09605942  0.29473528  0.62937745]
 [ 0.07009777  0.47704603  0.47652162]
 [ 0.05564618  0.62354887  0.63533622]
 [ 0.          0.67814162  0.42884357]
 [ 0.09462     0.13339904  0.697775  ]
 [ 0.12481446  0.          0.45022781]
 [ 0.10888087  0.21893924  0.46625586]
 [ 0.09189713  0.40337328  0.51234216]
 [ 0.14357174  0.2253755   0.67450407]
 [ 0.08708151  0.29261198  0.43043532]
 [ 0.12015976  0.4087313   0.71826385]
 [ 0.10741639  0.3303519   0.40735662]
 [ 0.00948783  0.41914788  0.32660169]
 [ 0.15185161  0.48208783  0.47316432]
 [ 0.08938249  0.48028075  0.48350117]
 [ 0.09963417  0.60303443  0.66863801]
 [ 0.1178162   0.45483517  0.45401388]
 [ 0.08901074  0.39242596  0.60572779]
 [ 0.08633045  0.42862757  0.63147905]
 [ 0.07032138  0.56317122  0.49277457]
 [ 0.08134163  0.58888557  0.56075498]
 [ 0.14047712  0.40749495  0.61129784]
 [ 0.04993609  0.16828682  0.48841754]
 [ 0.0781637   0.09569231  0.52656461]
 [ 0.06559876  0.57578177  0.64948757]
 [ 0.0664253   0.52416177  0.60317636]
 [ 0.09797113  0.355573    0.7207826 ]
 [ 0.06559876  0.57578177  0.64948757]
 [ 0.0367157   0.66919267  0.42224274]
 [ 0.0854864   0.4412713   0.59390295]
 [ 0.0781966   0.41386054  0.47011302]
 [ 0.08681059  0.91904617  0.60753339]
 [ 0.02921979  0.59463298  0.36608716]
 [ 0.14724209  0.41847546  0.32362312]
 [ 0.1293814   0.29738501  0.3885849 ]
 [ 0.08882003  0.624469    0.53302325]
 [ 0.07692283  0.29323016  0.48391832]
 [ 0.05019261  0.57258023  0.44821892]
 [ 0.08878712  0.30630077  0.58947483]
 [ 0.07553382  0.4890384   0.57975161]
 [ 0.63590263  0.3361111   0.86877906]
 [ 0.59599932  0.40380765  0.57355382]
 [ 0.6618217   0.38757299  0.81045078]
 [ 0.49896524  0.83710439  0.55781072]
 [ 0.62469167  0.54243978  0.72809411]
 [ 0.52691125  0.63296537  0.50885961]
 [ 0.61442248  0.38070985  0.45906996]
 [ 0.35682508  0.86028963  0.42750105]
 [ 0.59504216  0.49267431  0.84223191]
 [ 0.47231523  0.72206331  0.27230871]
 [ 0.39194567  1.          0.58436786]
 [ 0.54784905  0.5329601   0.42321675]
 [ 0.48931388  0.81517656  0.93887106]
 [ 0.58169587  0.55204009  0.59388885]
 [ 0.45803684  0.59754685  0.41994054]
 [ 0.59854899  0.40485271  0.77016943]
 [ 0.5453169   0.5708913   0.31048845]
 [ 0.46245776  0.65298656  0.7210034 ]
 [ 0.61893428  0.79973711  0.77452647]
 [ 0.45913953  0.74898083  0.64154422]
 [ 0.62868336  0.46625005  0.22755082]
 [ 0.52385922  0.58131219  0.6568375 ]
 [ 0.64067567  0.68064504  0.73950179]
 [ 0.55226998  0.58839981  0.72427961]
 [ 0.56121286  0.51257058  0.75544712]
 [ 0.59502465  0.45369805  0.7583446 ]
 [ 0.6427781   0.50943972  0.90361149]
 [ 0.69062716  0.4499822   0.65873688]
 [ 0.57815402  0.56190917  0.49817671]
 [ 0.42036398  0.69536246  0.69521946]
 [ 0.44918695  0.79674793  0.62739287]
 [ 0.42617179  0.79520962  0.67622284]
 [ 0.48277513  0.65175021  0.61403739]
 [ 0.64080629  0.64339838  0.51713491]
 [ 0.53077232  0.59402229  0.23068321]
 [ 0.57600117  0.37597     0.30663128]
 [ 0.63442063  0.4085475   0.7259925 ]
 [ 0.58285653  0.74889339  0.88633775]
 [ 0.48643009  0.56565821  0.40349534]
 [ 0.49146933  0.7625447   0.50165515]
 [ 0.49684741  0.72911775  0.53403992]
 [ 0.57151967  0.51368201  0.56348454]
 [ 0.49295132  0.6901083   0.6444417 ]
 [ 0.36784532  0.88600398  0.49548146]
 [ 0.50410219  0.67857599  0.49005523]
 [ 0.4835437   0.55471089  0.49688097]
 [ 0.50387858  0.5924508   0.47380227]
 [ 0.54666827  0.53570157  0.67564188]
 [ 0.36492391  0.79710413  0.42109246]
 [ 0.50119829  0.62865241  0.49955354]
 [ 0.84727192  0.39886757  0.02890633]
 [ 0.67602248  0.66790956  0.28386022]
 [ 0.84391818  0.41526465  0.63466008]
 [ 0.72044231  0.54045354  0.49000681]
 [ 0.81044312  0.48403944  0.34176136]
 [ 0.92527732  0.36498486  0.8504588 ]
 [ 0.54632448  0.83916913  0.06924608]
 [ 0.83816291  0.43234627  0.90531863]
 [ 0.77737977  0.64546743  0.76658148]
 [ 0.90790693  0.18401682  0.30612306]
 [ 0.72477568  0.40101193  0.37163312]
 [ 0.73251271  0.60067308  0.52792897]
 [ 0.79638835  0.44564817  0.50564614]
 [ 0.68640478  0.75341658  0.24663017]
 [ 0.75520915  0.63293005  0.        ]
 [ 0.78012064  0.41611411  0.18291408]
 [ 0.7248107   0.47896446  0.53940774]
 [ 0.92558115  0.0567189   0.61690915]
 [ 1.          0.50669361  0.90733916]
 [ 0.6365309   0.8282593   0.70635382]
 [ 0.84219506  0.3625996   0.39173325]
 [ 0.66146039  0.65206429  0.12016767]
 [ 0.92988684  0.42859724  1.        ]
 [ 0.68294054  0.60746554  0.52987676]
 [ 0.79072867  0.34753061  0.3861632 ]
 [ 0.80036204  0.32883751  0.77420309]
 [ 0.66549205  0.58067295  0.45956983]
 [ 0.65715209  0.51875699  0.36583816]
 [ 0.78122333  0.56754808  0.40451776]
 [ 0.76182762  0.40032059  0.9280186 ]
 [ 0.8529136   0.45636421  0.91748952]
 [ 0.88766716  0.02943306  0.7920478 ]
 [ 0.79781025  0.56800815  0.35336128]
 [ 0.64228829  0.57096198  0.65992147]
 [ 0.6507939   0.6735838   0.69906088]
 [ 0.93358226  0.34894829  0.77641586]
 [ 0.80122408  0.3568147   0.04267896]
 [ 0.71379045  0.45325011  0.47142734]
 [ 0.64345156  0.52924425  0.32360902]
 [ 0.79348444  0.39572459  0.51514446]
 [ 0.84155711  0.42239226  0.2865228 ]
 [ 0.80737357  0.39341     0.40585193]
 [ 0.67602248  0.66790956  0.28386022]
 [ 0.84777925  0.37632157  0.35648367]
 [ 0.85707637  0.34937087  0.18153725]
 [ 0.80300518  0.45489907  0.356451  ]
 [ 0.71345161  0.68356354  0.53720237]
 [ 0.73869983  0.47664987  0.43011522]
 [ 0.76450839  0.36576364  0.04927979]
 [ 0.65546399  0.54404446  0.29068596]]
Expectation-maximization algorithm started.
Initialization 1
	EM iteration 1
	EM iteration 2
	EM iteration 3
	EM iteration 4
	EM iteration 5
	EM iteration 6
	EM iteration 7
	EM iteration 8
	EM iteration 9
	EM iteration 10
	EM iteration 11
	EM iteration 12
	EM iteration 13
	EM iteration 14
	EM iteration 15
	EM iteration 16
	EM iteration 17
	EM iteration 18
		EM algorithm converged.
AIC Score:-311
BIC Score:-250
