ICAReducer Reduction and Clustering
----------------------------------------
Expectation-maximization algorithm started.
Initialization 1
	EM iteration 1
	EM iteration 2
	EM iteration 3
	EM iteration 4
	EM iteration 5
	EM iteration 6
	EM iteration 7
	EM iteration 8
		EM algorithm converged.
[[ 0.22222222  0.625       0.06779661  0.04166667]
 [ 0.16666667  0.41666667  0.06779661  0.04166667]
 [ 0.11111111  0.5         0.05084746  0.04166667]
 [ 0.08333333  0.45833333  0.08474576  0.04166667]
 [ 0.19444444  0.66666667  0.06779661  0.04166667]
 [ 0.30555556  0.79166667  0.11864407  0.125     ]
 [ 0.08333333  0.58333333  0.06779661  0.08333333]
 [ 0.19444444  0.58333333  0.08474576  0.04166667]
 [ 0.02777778  0.375       0.06779661  0.04166667]
 [ 0.16666667  0.45833333  0.08474576  0.        ]
 [ 0.30555556  0.70833333  0.08474576  0.04166667]
 [ 0.13888889  0.58333333  0.10169492  0.04166667]
 [ 0.13888889  0.41666667  0.06779661  0.        ]
 [ 0.          0.41666667  0.01694915  0.        ]
 [ 0.41666667  0.83333333  0.03389831  0.04166667]
 [ 0.38888889  1.          0.08474576  0.125     ]
 [ 0.30555556  0.79166667  0.05084746  0.125     ]
 [ 0.22222222  0.625       0.06779661  0.08333333]
 [ 0.38888889  0.75        0.11864407  0.08333333]
 [ 0.22222222  0.75        0.08474576  0.08333333]
 [ 0.30555556  0.58333333  0.11864407  0.04166667]
 [ 0.22222222  0.70833333  0.08474576  0.125     ]
 [ 0.08333333  0.66666667  0.          0.04166667]
 [ 0.22222222  0.54166667  0.11864407  0.16666667]
 [ 0.13888889  0.58333333  0.15254237  0.04166667]
 [ 0.19444444  0.41666667  0.10169492  0.04166667]
 [ 0.19444444  0.58333333  0.10169492  0.125     ]
 [ 0.25        0.625       0.08474576  0.04166667]
 [ 0.25        0.58333333  0.06779661  0.04166667]
 [ 0.11111111  0.5         0.10169492  0.04166667]
 [ 0.13888889  0.45833333  0.10169492  0.04166667]
 [ 0.30555556  0.58333333  0.08474576  0.125     ]
 [ 0.25        0.875       0.08474576  0.        ]
 [ 0.33333333  0.91666667  0.06779661  0.04166667]
 [ 0.16666667  0.45833333  0.08474576  0.        ]
 [ 0.19444444  0.5         0.03389831  0.04166667]
 [ 0.33333333  0.625       0.05084746  0.04166667]
 [ 0.16666667  0.45833333  0.08474576  0.        ]
 [ 0.02777778  0.41666667  0.05084746  0.04166667]
 [ 0.22222222  0.58333333  0.08474576  0.04166667]
 [ 0.19444444  0.625       0.05084746  0.08333333]
 [ 0.05555556  0.125       0.05084746  0.08333333]
 [ 0.02777778  0.5         0.05084746  0.04166667]
 [ 0.19444444  0.625       0.10169492  0.20833333]
 [ 0.22222222  0.75        0.15254237  0.125     ]
 [ 0.13888889  0.41666667  0.06779661  0.08333333]
 [ 0.22222222  0.75        0.10169492  0.04166667]
 [ 0.08333333  0.5         0.06779661  0.04166667]
 [ 0.27777778  0.70833333  0.08474576  0.04166667]
 [ 0.19444444  0.54166667  0.06779661  0.04166667]
 [ 0.75        0.5         0.62711864  0.54166667]
 [ 0.58333333  0.5         0.59322034  0.58333333]
 [ 0.72222222  0.45833333  0.66101695  0.58333333]
 [ 0.33333333  0.125       0.50847458  0.5       ]
 [ 0.61111111  0.33333333  0.61016949  0.58333333]
 [ 0.38888889  0.33333333  0.59322034  0.5       ]
 [ 0.55555556  0.54166667  0.62711864  0.625     ]
 [ 0.16666667  0.16666667  0.38983051  0.375     ]
 [ 0.63888889  0.375       0.61016949  0.5       ]
 [ 0.25        0.29166667  0.49152542  0.54166667]
 [ 0.19444444  0.          0.42372881  0.375     ]
 [ 0.44444444  0.41666667  0.54237288  0.58333333]
 [ 0.47222222  0.08333333  0.50847458  0.375     ]
 [ 0.5         0.375       0.62711864  0.54166667]
 [ 0.36111111  0.375       0.44067797  0.5       ]
 [ 0.66666667  0.45833333  0.57627119  0.54166667]
 [ 0.36111111  0.41666667  0.59322034  0.58333333]
 [ 0.41666667  0.29166667  0.52542373  0.375     ]
 [ 0.52777778  0.08333333  0.59322034  0.58333333]
 [ 0.36111111  0.20833333  0.49152542  0.41666667]
 [ 0.44444444  0.5         0.6440678   0.70833333]
 [ 0.5         0.33333333  0.50847458  0.5       ]
 [ 0.55555556  0.20833333  0.66101695  0.58333333]
 [ 0.5         0.33333333  0.62711864  0.45833333]
 [ 0.58333333  0.375       0.55932203  0.5       ]
 [ 0.63888889  0.41666667  0.57627119  0.54166667]
 [ 0.69444444  0.33333333  0.6440678   0.54166667]
 [ 0.66666667  0.41666667  0.6779661   0.66666667]
 [ 0.47222222  0.375       0.59322034  0.58333333]
 [ 0.38888889  0.25        0.42372881  0.375     ]
 [ 0.33333333  0.16666667  0.47457627  0.41666667]
 [ 0.33333333  0.16666667  0.45762712  0.375     ]
 [ 0.41666667  0.29166667  0.49152542  0.45833333]
 [ 0.47222222  0.29166667  0.69491525  0.625     ]
 [ 0.30555556  0.41666667  0.59322034  0.58333333]
 [ 0.47222222  0.58333333  0.59322034  0.625     ]
 [ 0.66666667  0.45833333  0.62711864  0.58333333]
 [ 0.55555556  0.125       0.57627119  0.5       ]
 [ 0.36111111  0.41666667  0.52542373  0.5       ]
 [ 0.33333333  0.20833333  0.50847458  0.5       ]
 [ 0.33333333  0.25        0.57627119  0.45833333]
 [ 0.5         0.41666667  0.61016949  0.54166667]
 [ 0.41666667  0.25        0.50847458  0.45833333]
 [ 0.19444444  0.125       0.38983051  0.375     ]
 [ 0.36111111  0.29166667  0.54237288  0.5       ]
 [ 0.38888889  0.41666667  0.54237288  0.45833333]
 [ 0.38888889  0.375       0.54237288  0.5       ]
 [ 0.52777778  0.375       0.55932203  0.5       ]
 [ 0.22222222  0.20833333  0.33898305  0.41666667]
 [ 0.38888889  0.33333333  0.52542373  0.5       ]
 [ 0.55555556  0.54166667  0.84745763  1.        ]
 [ 0.41666667  0.29166667  0.69491525  0.75      ]
 [ 0.77777778  0.41666667  0.83050847  0.83333333]
 [ 0.55555556  0.375       0.77966102  0.70833333]
 [ 0.61111111  0.41666667  0.81355932  0.875     ]
 [ 0.91666667  0.41666667  0.94915254  0.83333333]
 [ 0.16666667  0.20833333  0.59322034  0.66666667]
 [ 0.83333333  0.375       0.89830508  0.70833333]
 [ 0.66666667  0.20833333  0.81355932  0.70833333]
 [ 0.80555556  0.66666667  0.86440678  1.        ]
 [ 0.61111111  0.5         0.69491525  0.79166667]
 [ 0.58333333  0.29166667  0.72881356  0.75      ]
 [ 0.69444444  0.41666667  0.76271186  0.83333333]
 [ 0.38888889  0.20833333  0.6779661   0.79166667]
 [ 0.41666667  0.33333333  0.69491525  0.95833333]
 [ 0.58333333  0.5         0.72881356  0.91666667]
 [ 0.61111111  0.41666667  0.76271186  0.70833333]
 [ 0.94444444  0.75        0.96610169  0.875     ]
 [ 0.94444444  0.25        1.          0.91666667]
 [ 0.47222222  0.08333333  0.6779661   0.58333333]
 [ 0.72222222  0.5         0.79661017  0.91666667]
 [ 0.36111111  0.33333333  0.66101695  0.79166667]
 [ 0.94444444  0.33333333  0.96610169  0.79166667]
 [ 0.55555556  0.29166667  0.66101695  0.70833333]
 [ 0.66666667  0.54166667  0.79661017  0.83333333]
 [ 0.80555556  0.5         0.84745763  0.70833333]
 [ 0.52777778  0.33333333  0.6440678   0.70833333]
 [ 0.5         0.41666667  0.66101695  0.70833333]
 [ 0.58333333  0.33333333  0.77966102  0.83333333]
 [ 0.80555556  0.41666667  0.81355932  0.625     ]
 [ 0.86111111  0.33333333  0.86440678  0.75      ]
 [ 1.          0.75        0.91525424  0.79166667]
 [ 0.58333333  0.33333333  0.77966102  0.875     ]
 [ 0.55555556  0.33333333  0.69491525  0.58333333]
 [ 0.5         0.25        0.77966102  0.54166667]
 [ 0.94444444  0.41666667  0.86440678  0.91666667]
 [ 0.55555556  0.58333333  0.77966102  0.95833333]
 [ 0.58333333  0.45833333  0.76271186  0.70833333]
 [ 0.47222222  0.41666667  0.6440678   0.70833333]
 [ 0.72222222  0.45833333  0.74576271  0.83333333]
 [ 0.66666667  0.45833333  0.77966102  0.95833333]
 [ 0.72222222  0.45833333  0.69491525  0.91666667]
 [ 0.41666667  0.29166667  0.69491525  0.75      ]
 [ 0.69444444  0.5         0.83050847  0.91666667]
 [ 0.66666667  0.54166667  0.79661017  1.        ]
 [ 0.66666667  0.41666667  0.71186441  0.91666667]
 [ 0.55555556  0.20833333  0.6779661   0.75      ]
 [ 0.61111111  0.41666667  0.71186441  0.79166667]
 [ 0.52777778  0.58333333  0.74576271  0.91666667]
 [ 0.44444444  0.41666667  0.69491525  0.70833333]]
Expectation-maximization algorithm started.
Initialization 1
	EM iteration 1
	EM iteration 2
	EM iteration 3
	EM iteration 4
	EM iteration 5
	EM iteration 6
	EM iteration 7
	EM iteration 8
		EM algorithm converged.
AIC Score:-754
BIC Score:-676
----------------------------------------
Expectation-maximization algorithm started.
Initialization 1
	EM iteration 1
	EM iteration 2
	EM iteration 3
	EM iteration 4
	EM iteration 5
	EM iteration 6
	EM iteration 7
	EM iteration 8
	EM iteration 9
	EM iteration 10
	EM iteration 11
	EM iteration 12
		EM algorithm converged.
[[ 0.58240739  0.47457922  0.96126807]
 [ 0.36549253  0.4649921   0.9457269 ]
 [ 0.44351485  0.58526686  0.95555651]
 [ 0.39518416  0.60283175  0.93831153]
 [ 0.62072439  0.53348164  0.96281588]
 [ 0.77669001  0.51141095  0.89830553]
 [ 0.53230395  0.70667661  0.92465577]
 [ 0.53546499  0.49461403  0.95075709]
 [ 0.30546426  0.6503111   0.93749155]
 [ 0.39611495  0.43394265  0.97003226]
 [ 0.67574583  0.3863963   0.96320264]
 [ 0.5268396   0.57355125  0.94179391]
 [ 0.35194915  0.45891728  0.97298927]
 [ 0.33802132  0.66984487  0.9876183 ]
 [ 0.82019156  0.28558832  0.99585018]
 [ 1.          0.48523433  0.92842928]
 [ 0.7822432   0.52129061  0.92524152]
 [ 0.59233222  0.52135761  0.93289112]
 [ 0.73568525  0.32432301  0.92736386]
 [ 0.71675058  0.57348425  0.93414431]
 [ 0.54716257  0.32685992  0.94174745]
 [ 0.68473987  0.60206379  0.90310496]
 [ 0.6118034   0.70617558  0.9852935 ]
 [ 0.5241459   0.57110694  0.85061042]
 [ 0.52267471  0.56614151  0.92159192]
 [ 0.36633448  0.41934871  0.9333735 ]
 [ 0.55392637  0.58570089  0.88726918]
 [ 0.58463763  0.43140574  0.95564866]
 [ 0.54409038  0.4156768   0.95972026]
 [ 0.43934995  0.57785712  0.93535452]
 [ 0.40103295  0.5189547   0.93380672]
 [ 0.56978884  0.42535653  0.89846154]
 [ 0.82632611  0.49382046  1.        ]
 [ 0.89043043  0.4391569   0.98436321]
 [ 0.39611495  0.43394265  0.97003226]
 [ 0.45575878  0.46562607  0.96563428]
 [ 0.59826986  0.31423486  0.97246043]
 [ 0.39611495  0.43394265  0.97003226]
 [ 0.34878811  0.67097986  0.94688795]
 [ 0.53908354  0.45391046  0.95187168]
 [ 0.59010198  0.56453109  0.93851052]
 [ 0.06878262  0.54966273  0.9009888 ]
 [ 0.43265921  0.70737757  0.95221274]
 [ 0.61571159  0.69745652  0.83317767]
 [ 0.72112223  0.61038298  0.87883137]
 [ 0.37179883  0.55247406  0.91623536]
 [ 0.70543745  0.52423595  0.95578727]
 [ 0.43850801  0.62350051  0.94770793]
 [ 0.67212728  0.42709987  0.96208805]
 [ 0.49491774  0.47888509  0.95482869]
 [ 0.5986373   0.12644834  0.41171276]
 [ 0.58962746  0.42238798  0.39011626]
 [ 0.56023144  0.19079162  0.36609083]
 [ 0.1667324   0.54372323  0.44654726]
 [ 0.4241155   0.30641909  0.37384726]
 [ 0.37670576  0.54096078  0.42841844]
 [ 0.63509271  0.52312896  0.34981912]
 [ 0.16690026  0.68309773  0.57479095]
 [ 0.44981992  0.19035759  0.43437816]
 [ 0.33493211  0.78787765  0.43221012]
 [ 0.          0.56465893  0.55178796]
 [ 0.49182853  0.59691786  0.3994205 ]
 [ 0.11311506  0.18167137  0.53458868]
 [ 0.44026374  0.43818391  0.39369426]
 [ 0.42751745  0.62209243  0.49057222]
 [ 0.550011    0.23776994  0.42590858]
 [ 0.476808    0.71161883  0.37587474]
 [ 0.31416744  0.35160285  0.53893748]
 [ 0.16303485  0.3218066   0.36126311]
 [ 0.23576068  0.4483305   0.51647455]
 [ 0.59714435  0.75883125  0.27921046]
 [ 0.39812143  0.39049607  0.46654679]
 [ 0.28690686  0.32581993  0.3434289 ]
 [ 0.37847851  0.32642828  0.44778577]
 [ 0.44674773  0.27917447  0.45235097]
 [ 0.50445691  0.26027466  0.42213159]
 [ 0.4222697   0.13259016  0.39209999]
 [ 0.52952018  0.34508677  0.29771134]
 [ 0.44934662  0.5306057   0.37767071]
 [ 0.27694313  0.38892705  0.57556448]
 [ 0.19159488  0.47330514  0.51943156]
 [ 0.18305834  0.42899666  0.55454251]
 [ 0.33679371  0.45009946  0.49565157]
 [ 0.36707057  0.5261669   0.30356498]
 [ 0.46957091  0.79302597  0.37364556]
 [ 0.66894922  0.66837834  0.36260574]
 [ 0.55577095  0.27713859  0.37732964]
 [ 0.19012757  0.20821502  0.428528  ]
 [ 0.46251152  0.62794171  0.45956463]
 [ 0.25060351  0.58012094  0.45187206]
 [ 0.27706103  0.54166174  0.45597542]
 [ 0.48358759  0.45885268  0.40309065]
 [ 0.29346986  0.42943069  0.48625518]
 [ 0.12858325  0.62419531  0.57324315]
 [ 0.33531656  0.57087524  0.44484345]
 [ 0.45481693  0.53798983  0.48232218]
 [ 0.42280621  0.56656937  0.45128283]
 [ 0.43951064  0.36058161  0.45012179]
 [ 0.23016263  0.67407758  0.57150757]
 [ 0.38225896  0.55084044  0.45535443]
 [ 0.70636837  0.91202557  0.00688458]
 [ 0.38960799  0.7479092   0.21620494]
 [ 0.57119902  0.34715682  0.12805592]
 [ 0.47470549  0.5216611   0.22180965]
 [ 0.56080089  0.64062654  0.09972542]
 [ 0.57957366  0.12634957  0.0864909 ]
 [ 0.2616501   0.99910633  0.29800671]
 [ 0.50117286  0.09733601  0.18581758]
 [ 0.31866087  0.28111159  0.20215043]
 [ 0.86335363  0.59782009  0.01816909]
 [ 0.6345404   0.60075687  0.2089421 ]
 [ 0.40854266  0.49874796  0.20942448]
 [ 0.56589658  0.47914719  0.15164814]
 [ 0.31343148  0.80146337  0.18812259]
 [ 0.48116773  1.          0.07698256]
 [ 0.65791977  0.77685577  0.10922866]
 [ 0.52526643  0.46092273  0.23343523]
 [ 0.92721316  0.27554529  0.07379371]
 [ 0.43113478  0.09899764  0.        ]
 [ 0.14885627  0.39086417  0.32536394]
 [ 0.67045931  0.56345827  0.08786562]
 [ 0.43700789  0.89923341  0.20172919]
 [ 0.48800797  0.          0.10392365]
 [ 0.40055247  0.5025528   0.26362283]
 [ 0.6853081   0.56950748  0.14505274]
 [ 0.62752586  0.20004587  0.21289217]
 [ 0.44025778  0.56392513  0.27190464]
 [ 0.51912204  0.63855649  0.26938084]
 [ 0.466163    0.60309385  0.13513098]
 [ 0.52658168  0.07503122  0.27778928]
 [ 0.47555728  0.09015181  0.16936081]
 [ 0.91876547  0.10799112  0.15297879]
 [ 0.47608783  0.64987224  0.10675403]
 [ 0.40993692  0.37547665  0.3379481 ]
 [ 0.3019624   0.36135813  0.32510109]
 [ 0.60998337  0.19155236  0.06452156]
 [ 0.74393228  0.89332569  0.06485992]
 [ 0.56358344  0.51982515  0.23498303]
 [ 0.51689179  0.68172997  0.27500025]
 [ 0.61283897  0.45911238  0.16215912]
 [ 0.6325998   0.67591486  0.06133109]
 [ 0.63685354  0.5600789   0.1256072 ]
 [ 0.38960799  0.7479092   0.21620494]
 [ 0.66406417  0.59922201  0.07328304]
 [ 0.72500744  0.75662104  0.03154493]
 [ 0.5862926   0.62081728  0.11398163]
 [ 0.32521791  0.51046357  0.22318709]
 [ 0.549281    0.56188925  0.19688331]
 [ 0.73316549  0.8921907   0.10559027]
 [ 0.50910836  0.7150238   0.25368367]]
Expectation-maximization algorithm started.
Initialization 1
	EM iteration 1
	EM iteration 2
	EM iteration 3
	EM iteration 4
	EM iteration 5
	EM iteration 6
	EM iteration 7
	EM iteration 8
	EM iteration 9
	EM iteration 10
	EM iteration 11
		EM algorithm converged.
AIC Score:-308
BIC Score:-248
