RCAReducer Reduction and Clustering
----------------------------------------
Expectation-maximization algorithm started.
Initialization 1
	EM iteration 1
	EM iteration 2
	EM iteration 3
	EM iteration 4
	EM iteration 5
	EM iteration 6
	EM iteration 7
	EM iteration 8
		EM algorithm converged.
[[ 0.22222222  0.625       0.06779661  0.04166667]
 [ 0.16666667  0.41666667  0.06779661  0.04166667]
 [ 0.11111111  0.5         0.05084746  0.04166667]
 [ 0.08333333  0.45833333  0.08474576  0.04166667]
 [ 0.19444444  0.66666667  0.06779661  0.04166667]
 [ 0.30555556  0.79166667  0.11864407  0.125     ]
 [ 0.08333333  0.58333333  0.06779661  0.08333333]
 [ 0.19444444  0.58333333  0.08474576  0.04166667]
 [ 0.02777778  0.375       0.06779661  0.04166667]
 [ 0.16666667  0.45833333  0.08474576  0.        ]
 [ 0.30555556  0.70833333  0.08474576  0.04166667]
 [ 0.13888889  0.58333333  0.10169492  0.04166667]
 [ 0.13888889  0.41666667  0.06779661  0.        ]
 [ 0.          0.41666667  0.01694915  0.        ]
 [ 0.41666667  0.83333333  0.03389831  0.04166667]
 [ 0.38888889  1.          0.08474576  0.125     ]
 [ 0.30555556  0.79166667  0.05084746  0.125     ]
 [ 0.22222222  0.625       0.06779661  0.08333333]
 [ 0.38888889  0.75        0.11864407  0.08333333]
 [ 0.22222222  0.75        0.08474576  0.08333333]
 [ 0.30555556  0.58333333  0.11864407  0.04166667]
 [ 0.22222222  0.70833333  0.08474576  0.125     ]
 [ 0.08333333  0.66666667  0.          0.04166667]
 [ 0.22222222  0.54166667  0.11864407  0.16666667]
 [ 0.13888889  0.58333333  0.15254237  0.04166667]
 [ 0.19444444  0.41666667  0.10169492  0.04166667]
 [ 0.19444444  0.58333333  0.10169492  0.125     ]
 [ 0.25        0.625       0.08474576  0.04166667]
 [ 0.25        0.58333333  0.06779661  0.04166667]
 [ 0.11111111  0.5         0.10169492  0.04166667]
 [ 0.13888889  0.45833333  0.10169492  0.04166667]
 [ 0.30555556  0.58333333  0.08474576  0.125     ]
 [ 0.25        0.875       0.08474576  0.        ]
 [ 0.33333333  0.91666667  0.06779661  0.04166667]
 [ 0.16666667  0.45833333  0.08474576  0.        ]
 [ 0.19444444  0.5         0.03389831  0.04166667]
 [ 0.33333333  0.625       0.05084746  0.04166667]
 [ 0.16666667  0.45833333  0.08474576  0.        ]
 [ 0.02777778  0.41666667  0.05084746  0.04166667]
 [ 0.22222222  0.58333333  0.08474576  0.04166667]
 [ 0.19444444  0.625       0.05084746  0.08333333]
 [ 0.05555556  0.125       0.05084746  0.08333333]
 [ 0.02777778  0.5         0.05084746  0.04166667]
 [ 0.19444444  0.625       0.10169492  0.20833333]
 [ 0.22222222  0.75        0.15254237  0.125     ]
 [ 0.13888889  0.41666667  0.06779661  0.08333333]
 [ 0.22222222  0.75        0.10169492  0.04166667]
 [ 0.08333333  0.5         0.06779661  0.04166667]
 [ 0.27777778  0.70833333  0.08474576  0.04166667]
 [ 0.19444444  0.54166667  0.06779661  0.04166667]
 [ 0.75        0.5         0.62711864  0.54166667]
 [ 0.58333333  0.5         0.59322034  0.58333333]
 [ 0.72222222  0.45833333  0.66101695  0.58333333]
 [ 0.33333333  0.125       0.50847458  0.5       ]
 [ 0.61111111  0.33333333  0.61016949  0.58333333]
 [ 0.38888889  0.33333333  0.59322034  0.5       ]
 [ 0.55555556  0.54166667  0.62711864  0.625     ]
 [ 0.16666667  0.16666667  0.38983051  0.375     ]
 [ 0.63888889  0.375       0.61016949  0.5       ]
 [ 0.25        0.29166667  0.49152542  0.54166667]
 [ 0.19444444  0.          0.42372881  0.375     ]
 [ 0.44444444  0.41666667  0.54237288  0.58333333]
 [ 0.47222222  0.08333333  0.50847458  0.375     ]
 [ 0.5         0.375       0.62711864  0.54166667]
 [ 0.36111111  0.375       0.44067797  0.5       ]
 [ 0.66666667  0.45833333  0.57627119  0.54166667]
 [ 0.36111111  0.41666667  0.59322034  0.58333333]
 [ 0.41666667  0.29166667  0.52542373  0.375     ]
 [ 0.52777778  0.08333333  0.59322034  0.58333333]
 [ 0.36111111  0.20833333  0.49152542  0.41666667]
 [ 0.44444444  0.5         0.6440678   0.70833333]
 [ 0.5         0.33333333  0.50847458  0.5       ]
 [ 0.55555556  0.20833333  0.66101695  0.58333333]
 [ 0.5         0.33333333  0.62711864  0.45833333]
 [ 0.58333333  0.375       0.55932203  0.5       ]
 [ 0.63888889  0.41666667  0.57627119  0.54166667]
 [ 0.69444444  0.33333333  0.6440678   0.54166667]
 [ 0.66666667  0.41666667  0.6779661   0.66666667]
 [ 0.47222222  0.375       0.59322034  0.58333333]
 [ 0.38888889  0.25        0.42372881  0.375     ]
 [ 0.33333333  0.16666667  0.47457627  0.41666667]
 [ 0.33333333  0.16666667  0.45762712  0.375     ]
 [ 0.41666667  0.29166667  0.49152542  0.45833333]
 [ 0.47222222  0.29166667  0.69491525  0.625     ]
 [ 0.30555556  0.41666667  0.59322034  0.58333333]
 [ 0.47222222  0.58333333  0.59322034  0.625     ]
 [ 0.66666667  0.45833333  0.62711864  0.58333333]
 [ 0.55555556  0.125       0.57627119  0.5       ]
 [ 0.36111111  0.41666667  0.52542373  0.5       ]
 [ 0.33333333  0.20833333  0.50847458  0.5       ]
 [ 0.33333333  0.25        0.57627119  0.45833333]
 [ 0.5         0.41666667  0.61016949  0.54166667]
 [ 0.41666667  0.25        0.50847458  0.45833333]
 [ 0.19444444  0.125       0.38983051  0.375     ]
 [ 0.36111111  0.29166667  0.54237288  0.5       ]
 [ 0.38888889  0.41666667  0.54237288  0.45833333]
 [ 0.38888889  0.375       0.54237288  0.5       ]
 [ 0.52777778  0.375       0.55932203  0.5       ]
 [ 0.22222222  0.20833333  0.33898305  0.41666667]
 [ 0.38888889  0.33333333  0.52542373  0.5       ]
 [ 0.55555556  0.54166667  0.84745763  1.        ]
 [ 0.41666667  0.29166667  0.69491525  0.75      ]
 [ 0.77777778  0.41666667  0.83050847  0.83333333]
 [ 0.55555556  0.375       0.77966102  0.70833333]
 [ 0.61111111  0.41666667  0.81355932  0.875     ]
 [ 0.91666667  0.41666667  0.94915254  0.83333333]
 [ 0.16666667  0.20833333  0.59322034  0.66666667]
 [ 0.83333333  0.375       0.89830508  0.70833333]
 [ 0.66666667  0.20833333  0.81355932  0.70833333]
 [ 0.80555556  0.66666667  0.86440678  1.        ]
 [ 0.61111111  0.5         0.69491525  0.79166667]
 [ 0.58333333  0.29166667  0.72881356  0.75      ]
 [ 0.69444444  0.41666667  0.76271186  0.83333333]
 [ 0.38888889  0.20833333  0.6779661   0.79166667]
 [ 0.41666667  0.33333333  0.69491525  0.95833333]
 [ 0.58333333  0.5         0.72881356  0.91666667]
 [ 0.61111111  0.41666667  0.76271186  0.70833333]
 [ 0.94444444  0.75        0.96610169  0.875     ]
 [ 0.94444444  0.25        1.          0.91666667]
 [ 0.47222222  0.08333333  0.6779661   0.58333333]
 [ 0.72222222  0.5         0.79661017  0.91666667]
 [ 0.36111111  0.33333333  0.66101695  0.79166667]
 [ 0.94444444  0.33333333  0.96610169  0.79166667]
 [ 0.55555556  0.29166667  0.66101695  0.70833333]
 [ 0.66666667  0.54166667  0.79661017  0.83333333]
 [ 0.80555556  0.5         0.84745763  0.70833333]
 [ 0.52777778  0.33333333  0.6440678   0.70833333]
 [ 0.5         0.41666667  0.66101695  0.70833333]
 [ 0.58333333  0.33333333  0.77966102  0.83333333]
 [ 0.80555556  0.41666667  0.81355932  0.625     ]
 [ 0.86111111  0.33333333  0.86440678  0.75      ]
 [ 1.          0.75        0.91525424  0.79166667]
 [ 0.58333333  0.33333333  0.77966102  0.875     ]
 [ 0.55555556  0.33333333  0.69491525  0.58333333]
 [ 0.5         0.25        0.77966102  0.54166667]
 [ 0.94444444  0.41666667  0.86440678  0.91666667]
 [ 0.55555556  0.58333333  0.77966102  0.95833333]
 [ 0.58333333  0.45833333  0.76271186  0.70833333]
 [ 0.47222222  0.41666667  0.6440678   0.70833333]
 [ 0.72222222  0.45833333  0.74576271  0.83333333]
 [ 0.66666667  0.45833333  0.77966102  0.95833333]
 [ 0.72222222  0.45833333  0.69491525  0.91666667]
 [ 0.41666667  0.29166667  0.69491525  0.75      ]
 [ 0.69444444  0.5         0.83050847  0.91666667]
 [ 0.66666667  0.54166667  0.79661017  1.        ]
 [ 0.66666667  0.41666667  0.71186441  0.91666667]
 [ 0.55555556  0.20833333  0.6779661   0.75      ]
 [ 0.61111111  0.41666667  0.71186441  0.79166667]
 [ 0.52777778  0.58333333  0.74576271  0.91666667]
 [ 0.44444444  0.41666667  0.69491525  0.70833333]]
Expectation-maximization algorithm started.
Initialization 1
	EM iteration 1
	EM iteration 2
	EM iteration 3
	EM iteration 4
	EM iteration 5
	EM iteration 6
	EM iteration 7
	EM iteration 8
		EM algorithm converged.
AIC Score:-754
BIC Score:-676
----------------------------------------
Expectation-maximization algorithm started.
Initialization 1
	EM iteration 1
	EM iteration 2
	EM iteration 3
	EM iteration 4
	EM iteration 5
	EM iteration 6
	EM iteration 7
	EM iteration 8
	EM iteration 9
	EM iteration 10
		EM algorithm converged.
[[ 0.62811488  0.71817219  0.29181658]
 [ 0.41717447  0.54442368  0.17521326]
 [ 0.46145839  0.64811275  0.20751354]
 [ 0.42277062  0.61929449  0.20612897]
 [ 0.65298718  0.76970175  0.31361395]
 [ 0.78761253  0.83697717  0.42176899]
 [ 0.50755584  0.73779425  0.26412235]
 [ 0.58396643  0.6899839   0.27913754]
 [ 0.31809167  0.56480778  0.1468875 ]
 [ 0.48135211  0.58409971  0.20876163]
 [ 0.74516224  0.7606733   0.35214611]
 [ 0.56469027  0.71332515  0.28825588]
 [ 0.4262823   0.55717134  0.17349366]
 [ 0.34805819  0.61898927  0.13416994]
 [ 0.88997601  0.83325258  0.39127128]
 [ 1.          1.          0.51687144]
 [ 0.76576982  0.83949702  0.37659112]
 [ 0.60663863  0.71741015  0.29244811]
 [ 0.80895331  0.76223845  0.40151621]
 [ 0.72382146  0.83541203  0.37239889]
 [ 0.64436145  0.64078154  0.30607873]
 [ 0.66510449  0.79510603  0.35014499]
 [ 0.5816708   0.82016403  0.26408383]
 [ 0.50558674  0.63490828  0.28182371]
 [ 0.58107231  0.71143527  0.32213928]
 [ 0.44046424  0.53117815  0.19889025]
 [ 0.54647461  0.68782984  0.29169508]
 [ 0.64594397  0.70555662  0.30419911]
 [ 0.60324258  0.66664264  0.2700192 ]
 [ 0.47784043  0.64622287  0.24139694]
 [ 0.45296813  0.59469331  0.21959956]
 [ 0.5904876   0.64051736  0.28475287]
 [ 0.89086451  0.94358235  0.4408802 ]
 [ 0.93827355  0.94703738  0.4563669 ]
 [ 0.48135211  0.58409971  0.20876163]
 [ 0.49310296  0.61278588  0.19948326]
 [ 0.67212787  0.67085971  0.28487436]
 [ 0.48135211  0.58409971  0.20876163]
 [ 0.34987171  0.60498169  0.15847847]
 [ 0.59633484  0.67799829  0.2802256 ]
 [ 0.58880954  0.73002572  0.28006558]
 [ 0.08007887  0.3154264   0.        ]
 [ 0.42435314  0.68406958  0.20424935]
 [ 0.54076283  0.72584969  0.31584359]
 [ 0.72418792  0.83213014  0.4182083 ]
 [ 0.38332981  0.55564724  0.17475673]
 [ 0.75075838  0.83554411  0.38306183]
 [ 0.45455065  0.6594684   0.21771994]
 [ 0.73279382  0.77265891  0.35105805]
 [ 0.54126503  0.65106991  0.24495764]
 [ 0.67388006  0.3418805   0.6241293 ]
 [ 0.56727196  0.41429204  0.59564352]
 [ 0.61371604  0.3123002   0.62337627]
 [ 0.13643888  0.1709409   0.3221466 ]
 [ 0.43613819  0.24350068  0.5164843 ]
 [ 0.37468268  0.34153961  0.49522225]
 [ 0.58158937  0.46379963  0.64066137]
 [ 0.12567309  0.28909437  0.25754778]
 [ 0.52869982  0.27258311  0.53919473]
 [ 0.22135957  0.36494143  0.39976123]
 [ 0.          0.11767305  0.18968302]
 [ 0.41456641  0.39702207  0.51054893]
 [ 0.22546898  0.07375505  0.30280687]
 [ 0.45084217  0.33111915  0.54568041]
 [ 0.35040887  0.39873881  0.41536942]
 [ 0.58315206  0.34018327  0.56409627]
 [ 0.3938432   0.43108902  0.54116814]
 [ 0.39239641  0.29481604  0.4263524 ]
 [ 0.17012797  0.04282379  0.36461301]
 [ 0.26078054  0.24019724  0.356448  ]
 [ 0.45738317  0.47004406  0.62598121]
 [ 0.39685295  0.29674698  0.44310217]
 [ 0.31606125  0.14695018  0.47953526]
 [ 0.45655395  0.2930993   0.5215319 ]
 [ 0.48758095  0.29844421  0.5031352 ]
 [ 0.53354293  0.31262493  0.54012277]
 [ 0.50564104  0.20704598  0.54170589]
 [ 0.51424667  0.29457342  0.61087224]
 [ 0.40607615  0.34360264  0.52263495]
 [ 0.31002321  0.27103747  0.3346121 ]
 [ 0.20571073  0.21326886  0.32118003]
 [ 0.2217263   0.21466087  0.30925403]
 [ 0.33852256  0.29455187  0.40502654]
 [ 0.34288254  0.25997293  0.54526241]
 [ 0.36910637  0.45506024  0.53899201]
 [ 0.57080348  0.54056032  0.63769368]
 [ 0.57805785  0.33753134  0.59861121]
 [ 0.25722892  0.07253618  0.37602897]
 [ 0.41495298  0.43513296  0.4947272 ]
 [ 0.21092031  0.2500288   0.36791747]
 [ 0.29147998  0.28781495  0.43534924]
 [ 0.48262221  0.37129306  0.55727139]
 [ 0.30674252  0.25437796  0.39343557]
 [ 0.10080079  0.23756482  0.2357504 ]
 [ 0.30869151  0.31587116  0.43736535]
 [ 0.45425832  0.42327944  0.50647819]
 [ 0.39554136  0.38297344  0.48422429]
 [ 0.46284412  0.32241543  0.50095907]
 [ 0.14979235  0.30579493  0.24935748]
 [ 0.35283997  0.34405946  0.45004438]
 [ 0.45929196  0.44875171  0.79317325]
 [ 0.25371697  0.28165801  0.54498089]
 [ 0.52696146  0.23791315  0.71940084]
 [ 0.43882012  0.2984301   0.65203288]
 [ 0.42581403  0.30969472  0.70220953]
 [ 0.62702828  0.17357537  0.80390243]
 [ 0.07810821  0.31574446  0.42038757]
 [ 0.60072903  0.17416428  0.74197479]
 [ 0.35025228  0.09105195  0.58743232]
 [ 0.68779053  0.45888311  0.88291661]
 [ 0.50502321  0.39471643  0.66765606]
 [ 0.33884882  0.20848443  0.57409821]
 [ 0.46801349  0.27638982  0.67095878]
 [ 0.13993019  0.21442364  0.48745902]
 [ 0.18357645  0.31739172  0.57102401]
 [ 0.43914741  0.40315598  0.69105154]
 [ 0.49533699  0.31463279  0.66579998]
 [ 0.92130686  0.47654933  1.        ]
 [ 0.46386338  0.          0.74859521]
 [ 0.17269453  0.06364521  0.41890922]
 [ 0.5228322   0.34070808  0.74166973]
 [ 0.23382325  0.34567105  0.5437328 ]
 [ 0.5918522   0.08263396  0.76988254]
 [ 0.32611394  0.22375193  0.52720074]
 [ 0.57828858  0.40574735  0.76111597]
 [ 0.68370072  0.30667161  0.77565964]
 [ 0.34552556  0.27591145  0.53770365]
 [ 0.41309925  0.36635499  0.59368093]
 [ 0.34951908  0.2446144   0.63213012]
 [ 0.64125043  0.23036773  0.70603676]
 [ 0.54345912  0.1231326   0.69822002]
 [ 0.97261415  0.45599209  0.96702966]
 [ 0.32804283  0.24385235  0.63276165]
 [ 0.43870475  0.2643221   0.57078051]
 [ 0.38826613  0.20681767  0.5786743 ]
 [ 0.56914081  0.16321547  0.74978123]
 [ 0.49616621  0.49157755  0.77024929]
 [ 0.52020929  0.36616234  0.68759736]
 [ 0.39527016  0.37897056  0.5812984 ]
 [ 0.51216195  0.30457811  0.68363782]
 [ 0.43391773  0.32500327  0.70594523]
 [ 0.45282742  0.3049439   0.65101749]
 [ 0.25371697  0.28165801  0.54498089]
 [ 0.52138514  0.35143377  0.7631706 ]
 [ 0.49238359  0.40269916  0.76364211]
 [ 0.39631055  0.28874121  0.63725039]
 [ 0.23561694  0.14327203  0.49335586]
 [ 0.43600246  0.31499857  0.63317965]
 [ 0.49435269  0.50558513  0.74594076]
 [ 0.39928378  0.38906629  0.61409373]]
Expectation-maximization algorithm started.
Initialization 1
	EM iteration 1
	EM iteration 2
	EM iteration 3
	EM iteration 4
	EM iteration 5
	EM iteration 6
	EM iteration 7
	EM iteration 8
	EM iteration 9
		EM algorithm converged.
AIC Score:-370
BIC Score:-310
