ICA Reduction of Iris_Dataset:

----------------------------------------
[[ 0.41742818  0.52184358  0.06681962]
 [ 0.6011127   0.39274738  0.09789438]
 [ 0.45549214  0.36255544  0.09209398]
 [ 0.48299791  0.32136162  0.11371256]
 [ 0.34602442  0.50723547  0.06707687]
 [ 0.23364453  0.62158815  0.11438355]
 [ 0.30028869  0.33974817  0.124276  ]
 [ 0.44212091  0.47967404  0.08212329]
 [ 0.52394423  0.23409541  0.12537516]
 [ 0.59725505  0.4314351   0.06986794]
 [ 0.40124391  0.63798647  0.05053402]
 [ 0.39540988  0.42289639  0.09768421]
 [ 0.61632168  0.38731414  0.07254178]
 [ 0.48407234  0.2400036   0.07671207]
 [ 0.35192776  0.79337176  0.        ]
 [ 0.06909595  0.7776096   0.06605595]
 [ 0.22239233  0.6176853   0.08912389]
 [ 0.37745716  0.49840014  0.09679522]
 [ 0.39454338  0.71739306  0.07490468]
 [ 0.24034505  0.54218155  0.09001289]
 [ 0.54679516  0.59713219  0.0762611 ]
 [ 0.24701575  0.50446955  0.12435424]
 [ 0.23572407  0.3878259   0.06030924]
 [ 0.39923771  0.42590326  0.18442267]
 [ 0.40384903  0.42582353  0.11662896]
 [ 0.63150084  0.42357549  0.10590121]
 [ 0.36499192  0.43376288  0.14838941]
 [ 0.44500327  0.55169597  0.06851153]
 [ 0.48883194  0.5364517   0.06656236]
 [ 0.46393128  0.36548258  0.11103872]
 [ 0.53533504  0.38009069  0.11078147]
 [ 0.46122703  0.54829389  0.12358248]
 [ 0.20512397  0.66075082  0.01234142]
 [ 0.1899843   0.73723028  0.01776734]
 [ 0.59725505  0.4314351   0.06986794]
 [ 0.5269652   0.44820978  0.07191005]
 [ 0.51366329  0.63637459  0.04201268]
 [ 0.59725505  0.4314351   0.06986794]
 [ 0.47448946  0.24738827  0.1146945 ]
 [ 0.46688295  0.50855073  0.07750028]
 [ 0.34988207  0.46854775  0.09510331]
 [ 0.78577252  0.15294154  0.17060735]
 [ 0.38120602  0.2759254   0.10596299]
 [ 0.23840816  0.40114456  0.20397487]
 [ 0.21162623  0.52264096  0.14524815]
 [ 0.53637964  0.34042726  0.13249299]
 [ 0.28312912  0.56660071  0.0663522 ]
 [ 0.43354315  0.33465447  0.1030319 ]
 [ 0.37648187  0.60910979  0.05515702]
 [ 0.48594958  0.46442977  0.08017413]
 [ 0.64101046  0.77857201  0.56017919]
 [ 0.44684111  0.57991707  0.60526299]
 [ 0.62854522  0.71393475  0.61177337]
 [ 0.70963503  0.23361816  0.59463602]
 [ 0.66098308  0.55269519  0.6244179 ]
 [ 0.54001575  0.36759291  0.59513582]
 [ 0.34109243  0.54381693  0.64812568]
 [ 0.61464279  0.13812698  0.48387709]
 [ 0.71904543  0.64272732  0.55547794]
 [ 0.40599797  0.17964323  0.61470272]
 [ 0.83159781  0.11188081  0.50934691]
 [ 0.40787521  0.40406939  0.61816478]
 [ 1.          0.43406331  0.48595993]
 [ 0.55807727  0.47587618  0.61488349]
 [ 0.44329456  0.34420339  0.53855885]
 [ 0.60492692  0.67474627  0.55946921]
 [ 0.34202824  0.32036648  0.65097854]
 [ 0.72008037  0.4486285   0.4796921 ]
 [ 0.86373423  0.37947803  0.65816651]
 [ 0.71824262  0.33694314  0.51501539]
 [ 0.21155701  0.36813047  0.73724957]
 [ 0.62499867  0.47822108  0.54506923]
 [ 0.7598233   0.45506326  0.66570591]
 [ 0.68466102  0.5084945   0.55929803]
 [ 0.66108221  0.58204682  0.54577921]
 [ 0.6268066   0.63160102  0.56845797]
 [ 0.78086631  0.6647201   0.59320311]
 [ 0.54853387  0.59600165  0.69165126]
 [ 0.48771811  0.42160464  0.63685227]
 [ 0.72508176  0.39962898  0.45079137]
 [ 0.73730925  0.29282218  0.51768923]
 [ 0.77446722  0.31528991  0.48139871]
 [ 0.63451224  0.3997902   0.52701348]
 [ 0.55790883  0.37547833  0.71344886]
 [ 0.29250416  0.26261312  0.66022455]
 [ 0.2145385   0.46950404  0.64499912]
 [ 0.57339504  0.65422996  0.60838956]
 [ 0.91898354  0.46853445  0.58291163]
 [ 0.41071808  0.36335052  0.56576767]
 [ 0.61635159  0.26215529  0.58590452]
 [ 0.62093309  0.30377014  0.57682282]
 [ 0.5086225   0.48916904  0.60420282]
 [ 0.68396701  0.38649734  0.53769415]
 [ 0.68604655  0.15273509  0.48361983]
 [ 0.55345629  0.32152053  0.58517984]
 [ 0.47826419  0.41664635  0.53748398]
 [ 0.48493489  0.37893434  0.57182533]
 [ 0.61155813  0.52429346  0.55502522]
 [ 0.56911499  0.18377833  0.48129619]
 [ 0.52876356  0.36369006  0.56987617]
 [ 0.0179229   0.34551022  1.        ]
 [ 0.38847169  0.24739465  0.81262168]
 [ 0.51301539  0.62651602  0.84989588]
 [ 0.47303471  0.44863719  0.78237412]
 [ 0.32165909  0.42883678  0.9012946 ]
 [ 0.65651692  0.7777294   0.87098525]
 [ 0.32196053  0.          0.76511954]
 [ 0.74034644  0.74423398  0.78034846]
 [ 0.76427584  0.50902107  0.79397493]
 [ 0.10366913  0.64918177  0.95161061]
 [ 0.28862635  0.49743082  0.78840749]
 [ 0.54267002  0.42260616  0.79751348]
 [ 0.42747708  0.53598313  0.83850524]
 [ 0.41420903  0.16556169  0.84963688]
 [ 0.14197488  0.14444602  0.95813395]
 [ 0.14957735  0.40017524  0.89558714]
 [ 0.47310402  0.51968341  0.76244744]
 [ 0.27098724  0.89828689  0.86772676]
 [ 0.79634295  0.70557207  0.9627212 ]
 [ 0.82827539  0.32660323  0.69898709]
 [ 0.28463974  0.54846149  0.89773177]
 [ 0.24670878  0.17851499  0.83484771]
 [ 0.81734647  0.8024881   0.85143306]
 [ 0.54662681  0.41327007  0.74690122]
 [ 0.26841598  0.55186357  0.84266082]
 [ 0.56722009  0.75523586  0.75292947]
 [ 0.47241     0.39768625  0.74084356]
 [ 0.35717757  0.39832241  0.74304998]
 [ 0.42452541  0.39291498  0.87204368]
 [ 0.73481947  0.77163419  0.68907994]
 [ 0.76615308  0.73344723  0.79743698]
 [ 0.39201421  1.          0.7795848 ]
 [ 0.38455439  0.36947154  0.90201928]
 [ 0.62552424  0.49982038  0.66523849]
 [ 0.72331986  0.44185188  0.68481496]
 [ 0.58727168  0.75484065  0.89473888]
 [ 0.          0.37931938  0.94039899]
 [ 0.40170026  0.50507529  0.7627047 ]
 [ 0.32960248  0.36847002  0.74135807]
 [ 0.40278435  0.57815267  0.82320157]
 [ 0.23897331  0.45202041  0.93500422]
 [ 0.31440317  0.52833865  0.86420803]
 [ 0.38847169  0.24739465  0.81262168]
 [ 0.2655038   0.52153623  0.9149846 ]
 [ 0.1085319   0.45808981  0.96256324]
 [ 0.31433386  0.45729244  0.88413471]
 [ 0.60275228  0.36226521  0.79192324]
 [ 0.38472284  0.46986939  0.80345391]
 [ 0.00958288  0.37193472  0.90241656]
 [ 0.31327959  0.34252047  0.76492582]]

Length of 1 input vector before reduction: 4 

Length of 1 input vector after reduction: 3 

----------------------------------------

Projection axes:

Axis 0:
 [ 0.30036731  1.68504033  2.21797154]
Axis 1:
 [-1.54226083  1.20881635 -1.00547934]
Axis 2:
 [ 0.3685442   0.59429577  3.56044796]
Axis 3:
 [-0.34600028  0.25808893  3.85032703]
Kurtosis of dimension 0:
-0.26453856379263563 

Kurtosis of dimension 1:
0.3359803182243519 

Kurtosis of dimension 2:
-1.4106085592864537 

