ICA Reduction of Digits_Dataset:

----------------------------------------
[[ 0.79133294  0.48528479  0.73419335 ...,  0.62359488  0.52717288
   0.27912287]
 [ 0.28189068  0.6933623   0.22530029 ...,  0.57348537  0.70806628
   0.77464656]
 [ 0.12341038  0.58001527  0.17748582 ...,  0.46965163  0.67820684
   0.472315  ]
 ..., 
 [ 0.30440635  0.63151907  0.18414431 ...,  0.61213346  0.66463853
   0.67660362]
 [ 0.44927064  0.28657445  0.31077757 ...,  0.6710376   0.67566088
   0.30139786]
 [ 0.47240936  0.27986721  0.16601417 ...,  0.50512724  0.49770851
   0.5640943 ]]

Length of 1 input vector before reduction: 64 

Length of 1 input vector after reduction: 10 

----------------------------------------

Projection axes:

Axis 0:
 [  0.00000000e+00   1.93247492e-15  -9.10015001e-15   6.69057207e-15
   1.25480249e-15  -7.60280272e-15   3.59788618e-15  -1.10426900e-15
   4.42967207e-16  -3.63070217e-15]
Axis 1:
 [ 1.91106089  0.65416791 -0.11503192  0.19345327  0.33851167  0.12543803
 -0.08311759 -1.13687389 -0.77412787  0.99580624]
Axis 2:
 [ 9.42880728  1.94465034 -2.7729399   1.16245638 -0.71775677 -0.25708383
  1.01040181 -3.74332695 -2.81425577  1.39485629]
Axis 3:
 [ 5.81185506  2.44320204 -2.67348516 -1.74984782 -2.59029419  0.87934629
  2.4442759  -3.19646371 -2.3766567  -2.63931767]
Axis 4:
 [-1.40244368 -0.07247549 -0.4373711   0.76737884 -1.70716068 -5.57345377
 -1.27574614 -0.67320958 -1.57959995  0.94734931]
Axis 5:
 [ -1.33469165   0.3180672    1.16860027   4.1281312    1.04549799
 -12.00469487  -0.40479752  -2.22280108  -1.06952997   2.26155004]
Axis 6:
 [-0.96193533  1.28697923  1.81335968  2.6724243   1.22188382 -4.23124417
  0.07007947 -0.9530132  -0.56994898  0.41975762]
Axis 7:
 [-0.25073263  0.28265559  0.31855778  0.44459504  0.2940487  -0.40795094
 -0.14528006 -0.0831788  -0.06453217 -0.1990605 ]
Axis 8:
 [ 0.06794972  0.00702536 -0.08469399 -0.07147625  0.01889021 -0.04207702
  0.05160423 -0.0648562   0.00473928  0.06593627]
Axis 9:
 [ 4.54959632  0.67007181 -1.62556035  0.38727325  0.36222409 -0.12508525
  1.06209142 -2.35086845 -0.67889496  0.40509868]
Axis 10:
 [ 9.89048885  1.54299683 -1.79987096 -1.80138996 -2.84360964 -3.42211437
  4.90094541 -2.91992001 -1.21944396 -3.78270442]
Axis 11:
 [-2.30322228  3.40425698  2.0666344  -3.10218346 -1.49925943  2.45484746
  1.69592734  1.37328831  2.34132123  0.43851414]
Axis 12:
 [ 0.63404829  1.6519976  -5.75338155 -0.64714555 -0.50304473  0.55385701
 -3.42283396  4.10616056  0.97309865  2.75842301]
Axis 13:
 [  0.443221    -0.53198481  -5.51704366  -0.49632064  -1.10182565
 -12.81509047  -3.52593699   1.74401221  -0.22336952  -2.99316765]
Axis 14:
 [-1.83253274  0.98204651  1.160972    2.36974251  0.83644829 -5.4021033
 -1.07997524 -0.49378339 -0.03833979 -0.31017369]
Axis 15:
 [-0.27052256  0.14088949  0.45963915  0.58629143  0.25433391 -0.28122875
 -0.18236866  0.06908915  0.0375504  -0.06917464]
Axis 16:
 [ 0.03519536  0.03012843 -0.00123341 -0.01320738  0.06564373  0.01723626
  0.05456607  0.00141002  0.01936739 -0.00195475]
Axis 17:
 [ 4.06576105  0.90767251  0.51452951 -0.49487705  0.39299035 -1.32253542
  3.2805686  -0.49814077  1.16136293 -1.29284514]
Axis 18:
 [ 2.48859734  0.63489931  6.29279876 -3.8292236  -2.50182475 -1.73268147
  8.7379902   4.29365121  4.1239319  -2.93920256]
Axis 19:
 [-4.55158619  0.22614467  0.45183023 -1.31846879  2.09013781  4.83644071
  0.33912499  6.41690199  3.6870969   8.41353592]
Axis 20:
 [  2.00200195   1.8812243  -12.59495838   1.5857268    1.71180138
   2.60337193  -2.5523484    2.97146378  -0.2610301    4.58036812]
Axis 21:
 [-1.3257828  -0.40763695 -6.68763522 -0.03695696 -1.88521987 -8.82829703
 -4.2566518   5.79963657  0.74194013 -7.1397193 ]
Axis 22:
 [-1.31558741 -0.00598853  2.28582549  1.57334615 -0.12763005 -2.57677723
 -1.80822916  2.0448194   0.20369237 -1.61851856]
Axis 23:
 [-0.25489725 -0.02512613  0.34423909  0.4498005   0.02856388  0.01956798
 -0.05433068  0.17352465 -0.02684889  0.04266053]
Axis 24:
 [-0.00729532  0.06550857  0.03332394  0.00507648  0.04572079  0.02987017
  0.08882265  0.04991738  0.00241051  0.01023379]
Axis 25:
 [ 0.64120819  0.54235674  4.54812156  0.14741726 -1.29655691 -0.4313801
  2.49264405  2.16347608  1.05536549 -0.93834346]
Axis 26:
 [-2.32420325 -1.60685553  9.96104062 -1.5620591  -1.49311195 -0.11308813
  7.99399203  7.07380702  0.71072583  1.23063521]
Axis 27:
 [-0.38344905 -2.63013885 -5.05097388  1.68662021  3.16802948 -0.91075002
  6.53640323  3.39206466 -2.65769798  9.64195514]
Axis 28:
 [ -0.55416377   0.75882756 -12.66147724   5.42379309   0.43987319
  -1.36122904   3.22158854   0.39428346  -1.52229189   2.18725233]
Axis 29:
 [-2.70326118 -1.6240829  -1.83051236  5.76572443 -1.86651178 -3.58303387
 -2.50180878  7.74526327 -0.51382114 -7.57783533]
Axis 30:
 [-0.57281241 -0.10299212  3.14995017  1.41267327 -0.31603333 -0.57545566
 -2.72540124  4.39339483 -2.40731832 -3.3399174 ]
Axis 31:
 [-0.06929063 -0.00283231  0.10714734  0.10682316  0.01379007  0.03986617
  0.00279892  0.13125984 -0.01929279  0.00364908]
Axis 32:
 [ -1.12154002e-27  -1.11448437e-27  -5.68126024e-28  -8.69511419e-28
  -1.24969811e-26  -1.46623127e-27  -2.16665308e-27  -7.07090256e-27
   9.97998575e-28   3.30432486e-27]
Axis 33:
 [-2.20745251  0.24139328  5.85016518 -0.95468982 -3.29790262  2.56260469
 -1.50909341  3.13071321 -1.25591499 -0.84352413]
Axis 34:
 [-7.69745432 -0.31118057  8.44785911 -4.52668646 -3.80102779  3.06423121
  1.14010618  3.46118739 -6.07881437  1.29332063]
Axis 35:
 [-8.33205474  3.83965069 -3.16434826 -2.26333104 -0.60089407  1.31071841
  5.81371569 -4.38617088 -6.45455162  5.16007738]
Axis 36:
 [-8.99544292  3.99675939 -4.76493616  4.02988938 -3.95700525  0.94806853
  2.83907991 -6.57965807  0.88292032  2.78562205]
Axis 37:
 [-3.72025698 -7.06771038  1.97669362  7.26382199 -6.51124527  1.31809222
 -1.5070275   2.7094349  -0.69466936 -4.68070113]
Axis 38:
 [ 0.15577049 -3.0409067   2.15831898  0.95425648 -1.84555286  1.44557265
 -1.75728624  3.66656343 -2.35300445 -4.73160744]
Axis 39:
 [  2.02141710e-35  -1.82537202e-35   5.73005929e-35   1.85227294e-36
   1.69051593e-34  -1.28244203e-35  -7.31296478e-35   8.03203686e-36
  -3.57662980e-35   3.09211499e-35]
Axis 40:
 [-0.06956396  0.01512629  0.1282874   0.00323811 -0.05473916  0.11263468
 -0.16019183  0.08251855  0.00590286  0.07086847]
Axis 41:
 [-1.45033299  0.07635536  2.70296162 -1.62727269 -1.89516538  1.66700562
 -2.88383529  1.65948052 -0.91925212  0.14282154]
Axis 42:
 [ -5.60744031  -0.34360444   4.22859679 -12.23172937  -3.79443162
   4.17593561  -3.26151017   2.26704149  -4.1258405    0.22105274]
Axis 43:
 [-7.87287859  9.63934394 -1.5980447  -4.59584441  1.06172397  5.27594105
  0.52840247 -1.89590856 -2.93949666  1.45879646]
Axis 44:
 [ -7.57171262  10.43326469   0.93374969   3.49313193  -1.80842158
  -0.16610877  -1.35133127  -0.44839412   4.49103288   4.75371365]
Axis 45:
 [-0.25815134 -8.76931482  2.5023464   1.3101     -8.57964917 -1.22857356
 -2.0692288   1.95105646  3.82672413  1.99719932]
Axis 46:
 [ 1.10642559 -7.50168173  0.41194925 -1.55873424 -0.56896113  3.16057817
  1.25833657 -0.70093931 -0.12862541 -3.66166651]
Axis 47:
 [-0.20866699 -0.2034393  -0.0290375  -0.0885696   0.15326644  0.30247649
  0.21707927 -0.07258711 -0.03364338 -0.14475844]
Axis 48:
 [-0.0066472   0.00082225  0.03602272 -0.0278208   0.00598498  0.02324894
 -0.08120879  0.04185289  0.00266364  0.03446685]
Axis 49:
 [ 1.04608201 -0.10820997  0.02811929 -0.93229981 -0.15238246  0.0877454
 -0.9258487   0.13265292 -0.55143509  0.74975518]
Axis 50:
 [  5.69195763  -1.81557442  -1.21727272 -11.05540931  -0.8047622
   1.24835653  -1.08489517  -0.35105599  -1.78523442  -0.11175393]
Axis 51:
 [-1.81798784  7.48870382 -1.48728235 -5.53371476  0.24169683  2.92526515
  1.30034963 -1.87107207  0.53750587 -1.88211787]
Axis 52:
 [-0.08703552  6.34380285  1.70436145  1.35229982 -4.36113926  0.42504777
 -3.04985636  3.03608991  6.10734555  5.53383107]
Axis 53:
 [  5.02382741 -10.07354174  -1.75844683  -3.63276431  -4.53747557
   0.49825642  -1.2517929    0.02152322   6.11660349   1.62420836]
Axis 54:
 [ 0.74554136 -5.8761069  -1.95272008 -2.69142464  2.3918658   5.23655629
  2.60359579 -4.63688509  3.48164824 -3.33978413]
Axis 55:
 [-0.10671946  0.01169024 -0.16496235 -0.01581178  0.56248453  0.82122584
  0.198013   -0.50360496  0.92001703 -0.17802681]
Axis 56:
 [-0.01654639  0.02570198 -0.00969547 -0.03756946  0.02507524 -0.03286553
 -0.03352505  0.00589162  0.02927161  0.00382284]
Axis 57:
 [ 1.57069983  0.68338193  0.01942149  0.0569799   0.27182522  0.09378946
 -0.11927375 -0.94567105 -0.64291221  0.89105065]
Axis 58:
 [ 9.66933663  2.30770414 -2.98219475  1.31945742 -0.756619   -0.7225884
  0.77134466 -4.30112353 -3.9604259   1.5844899 ]
Axis 59:
 [ 6.39002127  2.19513688 -1.248978   -1.12426105 -3.10669351 -0.55272187
  2.8456918  -3.21797137 -0.46002878 -2.17864509]
Axis 60:
 [ 1.23514118 -6.69694582 -0.64770818 -3.97914494 -0.94861933  3.12651283
  0.26075626  0.46728177  5.94234074  1.92917368]
Axis 61:
 [-0.23136888 -8.79105872 -4.0645641  -4.73355441  4.32154235  3.78225525
  1.31411903 -3.53168225  6.69995317 -1.3562847 ]
Axis 62:
 [ 0.01824073 -0.78947148 -1.89610163 -1.55851985  4.08796669  3.5291355
  0.84965469 -3.50137278  4.57147051 -1.92574945]
Axis 63:
 [ 0.34408833  0.51841005 -0.3531192   0.35637035  0.8397213   1.0253951
  0.03631196 -0.77472229  1.93352031 -0.27066666]
Kurtosis of dimension 0:
-1.1514571572946681 

Kurtosis of dimension 1:
-1.2291413733901324 

Kurtosis of dimension 2:
-1.0495559767941838 

Kurtosis of dimension 3:
-1.0221918766288454 

Kurtosis of dimension 4:
-0.6010355315964606 

Kurtosis of dimension 5:
-1.1239953199244634 

Kurtosis of dimension 6:
-0.5348450708319166 

Kurtosis of dimension 7:
-0.9483102790681333 

Kurtosis of dimension 8:
1.6068643175114143 

Kurtosis of dimension 9:
-0.9512035560653849 

