NMF Reduction of Iris_Dataset:

----------------------------------------
[[  1.49069213e-02   6.22333225e-01   1.46586963e-01]
 [  2.63680220e-02   4.14617976e-01   1.19621378e-01]
 [  2.93608972e-02   4.96715424e-01   5.03400376e-02]
 [  4.90370082e-02   4.52904423e-01   3.92960911e-02]
 [  1.99621093e-02   6.62917668e-01   1.14544536e-01]
 [  8.23761702e-02   7.89742913e-01   2.04034260e-01]
 [  7.26571430e-02   5.79172752e-01   9.61625747e-03]
 [  2.74655315e-02   5.79450784e-01   1.30346529e-01]
 [  5.11169450e-02   3.68895147e-01   0.00000000e+00]
 [  1.97604454e-03   4.53426297e-01   1.28090201e-01]
 [  5.89405474e-03   7.05997145e-01   2.21396967e-01]
 [  4.50793296e-02   5.77152787e-01   8.20636684e-02]
 [  2.99653091e-04   4.12400976e-01   1.01456793e-01]
 [  0.00000000e+00   4.05991231e-01   0.00000000e+00]
 [  0.00000000e+00   8.35109008e-01   2.86982047e-01]
 [  5.14319192e-02   1.00000000e+00   2.47346543e-01]
 [  5.39061670e-02   7.93457153e-01   1.83248310e-01]
 [  4.62234389e-02   6.23865506e-01   1.38011875e-01]
 [  3.55081672e-02   7.48995625e-01   2.98131123e-01]
 [  5.27620577e-02   7.46744433e-01   1.27300104e-01]
 [  2.07079383e-02   5.80332538e-01   2.47698200e-01]
 [  8.42715360e-02   7.07007553e-01   1.24027768e-01]
 [  9.95007040e-03   6.62343356e-01   0.00000000e+00]
 [  1.30594898e-01   5.41606066e-01   1.47056666e-01]
 [  6.64318320e-02   5.74367108e-01   9.76531306e-02]
 [  3.53548749e-02   4.13445575e-01   1.56754027e-01]
 [  9.72160675e-02   5.81586788e-01   1.18392840e-01]
 [  1.67762734e-02   6.22089383e-01   1.78523124e-01]
 [  9.85173331e-03   5.81748781e-01   1.78629389e-01]
 [  5.07133996e-02   4.93929744e-01   6.59294998e-02]
 [  4.56582116e-02   4.53345300e-01   9.79719265e-02]
 [  6.91059720e-02   5.85254222e-01   2.20155048e-01]
 [  0.00000000e+00   8.68078617e-01   1.51095047e-01]
 [  0.00000000e+00   9.13911726e-01   2.14443138e-01]
 [  1.97604454e-03   4.53426297e-01   1.28090201e-01]
 [  6.49895042e-03   4.99698139e-01   1.25362572e-01]
 [  0.00000000e+00   6.25921948e-01   2.44827906e-01]
 [  1.97604454e-03   4.53426297e-01   1.28090201e-01]
 [  4.17905447e-02   4.09860352e-01   0.00000000e+00]
 [  2.22173828e-02   5.80135503e-01   1.57086203e-01]
 [  4.43540868e-02   6.24109348e-01   1.06075713e-01]
 [  7.29103582e-02   1.25455808e-01   3.60103757e-02]
 [  3.93682739e-02   4.91153677e-01   0.00000000e+00]
 [  1.59656142e-01   6.25920513e-01   9.59399109e-02]
 [  1.12548578e-01   7.44562476e-01   1.39510965e-01]
 [  6.29326883e-02   4.15465539e-01   8.43066162e-02]
 [  2.85630409e-02   7.44283592e-01   1.41071680e-01]
 [  4.17265467e-02   4.95102145e-01   2.87968510e-02]
 [  1.11422034e-02   7.05312426e-01   1.94657293e-01]
 [  2.05409913e-02   5.39110182e-01   1.30452794e-01]
 [  5.26446716e-01   4.99280295e-01   7.39132052e-01]
 [  5.75017124e-01   4.98561385e-01   5.59725946e-01]
 [  5.77439344e-01   4.57001576e-01   7.19513018e-01]
 [  5.25766569e-01   1.22554694e-01   3.57961393e-01]
 [  5.77658319e-01   3.33240895e-01   6.12873118e-01]
 [  5.49892972e-01   3.25627143e-01   4.10909415e-01]
 [  6.25623831e-01   5.38820991e-01   5.29501406e-01]
 [  4.13290442e-01   1.61618619e-01   1.81570450e-01]
 [  5.09584174e-01   3.72130212e-01   6.51460215e-01]
 [  5.64938189e-01   2.88038029e-01   2.42759785e-01]
 [  4.23027560e-01   0.00000000e+00   2.39319117e-01]
 [  5.80291286e-01   4.15385148e-01   4.21043619e-01]
 [  4.05769233e-01   8.01122790e-02   5.22687781e-01]
 [  5.74258936e-01   3.69310341e-01   5.14383245e-01]
 [  4.90890653e-01   3.74568626e-01   3.32098602e-01]
 [  5.21031620e-01   4.58742657e-01   6.48626321e-01]
 [  6.17388235e-01   4.10545313e-01   3.56414059e-01]
 [  4.22418228e-01   2.84160094e-01   4.47891157e-01]
 [  5.87443028e-01   8.45003254e-02   5.59274125e-01]
 [  4.50381963e-01   2.03641733e-01   3.86049251e-01]
 [  7.16559923e-01   4.96948958e-01   4.15891773e-01]
 [  4.93312874e-01   3.33008816e-01   4.91885674e-01]
 [  6.10086001e-01   2.05278291e-01   5.90891490e-01]
 [  5.11818861e-01   3.24976616e-01   5.36836174e-01]
 [  4.98727969e-01   3.73546455e-01   5.82391405e-01]
 [  5.26472730e-01   4.16788776e-01   6.27189400e-01]
 [  5.44832357e-01   3.31905649e-01   7.12060203e-01]
 [  6.57879138e-01   4.16498980e-01   6.59382734e-01]
 [  5.96588601e-01   3.72015024e-01   4.68675508e-01]
 [  3.85154333e-01   2.47777572e-01   3.95275311e-01]
 [  4.48705571e-01   1.62616412e-01   3.59415842e-01]
 [  4.10271553e-01   1.62012691e-01   3.62794443e-01]
 [  4.70816262e-01   2.89081777e-01   4.20348005e-01]
 [  6.70996044e-01   2.85437622e-01   5.01884849e-01]
 [  6.27884532e-01   4.09175876e-01   3.02934711e-01]
 [  6.26940315e-01   5.79893118e-01   4.33586656e-01]
 [  5.73700640e-01   4.57489259e-01   6.55640695e-01]
 [  5.12251383e-01   1.24318203e-01   5.92664735e-01]
 [  5.26285196e-01   4.11194989e-01   3.52778286e-01]
 [  5.25380648e-01   2.05093018e-01   3.47355888e-01]
 [  5.22341173e-01   2.41115660e-01   3.71414173e-01]
 [  5.66948475e-01   4.11508064e-01   5.03884005e-01]
 [  4.78126723e-01   2.46884055e-01   4.30847246e-01]
 [  4.08235254e-01   1.21034175e-01   2.13612876e-01]
 [  5.33981579e-01   2.86458942e-01   3.73883031e-01]
 [  4.96838031e-01   4.09418865e-01   3.93289536e-01]
 [  5.28347509e-01   3.69681985e-01   3.90017200e-01]
 [  5.09224267e-01   3.72177018e-01   5.28912057e-01]
 [  4.12565199e-01   2.08575180e-01   2.05582495e-01]
 [  5.21422969e-01   3.29341383e-01   3.90123465e-01]
 [  1.00000000e+00   5.40540248e-01   5.19879948e-01]
 [  7.75441895e-01   2.88665030e-01   4.22680237e-01]
 [  8.26210121e-01   4.17009943e-01   7.78809463e-01]
 [  7.53086216e-01   3.68451867e-01   5.80330627e-01]
 [  8.81898030e-01   4.15362473e-01   6.04599844e-01]
 [  8.49791883e-01   4.13933616e-01   9.48883245e-01]
 [  7.17723114e-01   2.02471035e-01   1.78599929e-01]
 [  7.50427235e-01   3.68799133e-01   8.84102778e-01]
 [  7.47100466e-01   2.04256972e-01   7.18893308e-01]
 [  9.59305281e-01   6.69581642e-01   7.49825243e-01]
 [  7.69056568e-01   5.01336153e-01   5.74769103e-01]
 [  7.58188004e-01   2.90916222e-01   5.93511256e-01]
 [  8.13484564e-01   4.18670027e-01   6.77804492e-01]
 [  8.05274981e-01   2.07902829e-01   3.92774493e-01]
 [  9.31831522e-01   3.37595601e-01   3.74502043e-01]
 [  8.82489271e-01   5.03391160e-01   5.32697139e-01]
 [  7.35279457e-01   4.12019026e-01   6.23310734e-01]
 [  8.81434068e-01   7.45375355e-01   9.29822297e-01]
 [  9.29301115e-01   2.49820569e-01   9.95273216e-01]
 [  6.33526829e-01   7.84880890e-02   5.31777214e-01]
 [  8.84718531e-01   5.03100513e-01   6.87181459e-01]
 [  8.02826747e-01   3.31954157e-01   3.44930073e-01]
 [  8.20730639e-01   3.29619169e-01   1.00000000e+00]
 [  7.03649632e-01   2.92413461e-01   5.54560720e-01]
 [  8.32388832e-01   5.39935675e-01   6.45549535e-01]
 [  7.33743999e-01   4.94707581e-01   8.25865384e-01]
 [  7.01587319e-01   3.33926465e-01   5.17321806e-01]
 [  7.13567047e-01   4.14851511e-01   4.85173114e-01]
 [  8.41980581e-01   3.32464268e-01   5.86647789e-01]
 [  6.57261884e-01   4.10961812e-01   8.43228091e-01]
 [  7.62453563e-01   3.31604090e-01   8.97177142e-01]
 [  7.86952233e-01   7.46465908e-01   9.84862359e-01]
 [  8.73297099e-01   3.33996550e-01   5.78072701e-01]
 [  6.23742120e-01   3.27228658e-01   5.85376207e-01]
 [  6.38895325e-01   2.37145816e-01   5.77059890e-01]
 [  8.71589266e-01   4.22325698e-01   9.32490306e-01]
 [  9.40020519e-01   5.83991368e-01   5.02366334e-01]
 [  7.40334645e-01   4.52603470e-01   5.91268308e-01]
 [  7.11697695e-01   4.15095352e-01   4.53236953e-01]
 [  8.00925954e-01   4.61552467e-01   6.94044926e-01]
 [  9.19606806e-01   4.62922756e-01   6.25233288e-01]
 [  8.42206487e-01   4.67402710e-01   6.61305287e-01]
 [  7.75441895e-01   2.88665030e-01   4.22680237e-01]
 [  9.04201681e-01   5.00558675e-01   6.70834760e-01]
 [  9.57654903e-01   5.46064802e-01   6.11249182e-01]
 [  8.60013246e-01   4.23835551e-01   6.18325179e-01]
 [  7.42469572e-01   2.10478858e-01   5.61787625e-01]
 [  7.76559990e-01   4.17869269e-01   5.90571096e-01]
 [  8.99717148e-01   5.83631488e-01   4.73808773e-01]
 [  7.38298346e-01   4.11624954e-01   4.42086741e-01]]

Length of 1 input vector before reduction: 4 

Length of 1 input vector after reduction: 3 

----------------------------------------
0.6063961725279685
