PCA Reduction of Digits Dataset:

----------------------------------------
Length of 1 input vector before reduction: 64 

Length of 1 input vector after reduction: 10 


Component 0:  [1.2148273660869478e-18, -0.1822339165168937, -0.28586799716663036, -0.22036966917685552, 0.025169559066164526, 0.009497250406375612, 0.0524764974831633, 0.06269499281797315, -0.03470727244780909, -0.24553368400197584, -0.22915173688842871, 0.10794381235224379, -0.036202091703408386, -0.038711594622663145, 0.08378077336393346, 0.09277502041273214, -0.016699341959746733, -0.13671649688047063, 0.06305075471860146, 0.12287926686574904, -0.14819347935100305, 0.02348424643339977, 0.171199701525946, 0.10420837290923532, 0.0039488184812838745, 0.11638969982740262, 0.18820473247891398, -0.06586040103416459, -0.14353256881201404, 0.12820704903744168, 0.18062074903508551, 0.05270916673865366, 0.0, 0.23890251355494618, 0.23500613052239, 0.005091373596624302, 0.01310880821980106, 0.15911618151624504, 0.12939416314464222, 0.0, 0.05559906034740457, 0.18715706916434083, 0.15353370995596982, 0.04682572255584471, 0.11089271503800904, 0.10720947330036402, -0.0179265180998305, 0.0022727099926077056, 0.02881728585211051, -0.040868004374009274, -0.11027067577273936, -0.03182439874732622, 0.07904945058466568, -0.06832147359600946, -0.1212470662836155, -0.04877119416590577, 0.0018358590848681726, -0.16039568825763884, -0.27985301361890036, -0.19444929496454244, -0.017773814268963642, -0.10319800085959319, -0.11981060416822584, -0.07149361628883366]
Variance of component 0 : 0.120339160977

Component 1:  [-7.624335403020121e-19, 0.047027007634919404, 0.059564795304490714, -0.020803851133218337, 0.15590315641009495, 0.2741329868351339, 0.24973250592972918, 0.14583206987502406, -0.0010272084381981461, 0.027619089807013927, 0.014504735041460264, -0.09225537144297263, 0.05729170329626964, 0.21410852407860417, 0.26653584677710285, 0.13699943257660224, -0.00733687288299266, -0.020140348844849214, -0.11844132671783333, -0.08408699416567454, 0.07684583723873709, 0.15949152660416024, 0.14605981619440556, 0.08083711634705193, -0.003884370562183521, -0.06552741110046406, -0.11263765163124421, 0.05368068393155952, 0.16490376897715425, 0.1377383818925744, 0.05610399727460476, 0.026706851347162063, 0.0, -0.11768140517643882, -0.10539515881687306, 0.058894278766625015, 0.1161102671162472, -0.005210699327669446, -0.07934641828563749, 0.0, -0.023676780339909286, -0.10434600501508032, -0.1891536510595898, 0.009126992939157771, 0.1488858899379057, -0.09076340378249796, -0.24058321124381396, -0.07869054582108405, -0.010040249127092568, -0.035273965301210804, -0.1856085306293145, -0.0395301775189317, 0.06234747272628567, -0.19312254128882236, -0.2577515245512401, -0.11500205234545834, 0.0048825135108361015, 0.04449785863937448, 0.08139985282024147, -0.009904904276293354, -0.25193394644900063, -0.2426177769446584, -0.16508926197535975, -0.07132923700444388]
Variance of component 1 : 0.095610544031

Component 2:  [3.568802260945309e-18, -0.02358821427163882, 0.05679874566211629, 0.040463831039731446, 0.06706529920506704, 0.09108975369693809, 0.03757845589099512, 0.022546048641653604, -0.0028126483262963797, 0.0506422781098899, 0.1727344767265269, -0.16698283512214057, -0.06918751119716773, 0.17992502226369098, 0.07226110895853897, 0.0339804342841174, -0.008953559000719553, 0.1066146790147435, 0.10778239990582901, -0.21158892074252036, -0.12336921525320418, 0.1857199786860847, 0.14193652664104486, 0.026414655425000856, -0.02014831590405462, 0.09747310186329329, 0.04297511535768081, -0.11485460929672088, -0.07874164191939824, 0.19837866964337855, 0.16243626551357382, 0.012223066179665976, 0.0, 0.02598973712874696, -0.07862189261383168, -0.2774810566692138, -0.24772801286802631, 0.19664918289645972, 0.22064611874561146, 0.0, -0.014632797527096364, -0.007480321598667006, -0.08709141157295817, -0.32314550839019346, -0.26904394280320576, 0.19777645810383945, 0.1889781464228325, -0.03210331717061536, -0.0040216710077494305, 0.016474945712353965, 0.045160461505490516, -0.21864367546455815, -0.13053432544432098, 0.18788926688371954, 0.023179402190825253, -0.10299263103545396, -0.011547430591969431, -0.03389505223396307, 0.051272836785970735, 0.08346395386183135, 0.06245528782674052, 0.022279524269098457, -0.10036558624086343, -0.09244588650551405]
Variance of component 2 : 0.0844441489262

Component 3:  [-2.3842236292759953e-18, -0.17815308081047074, -0.15612851796786087, -0.16779985588334162, 8.9085464486105e-06, 0.0005191940043296484, -0.04369940531042621, -0.008749051512592976, -0.01440146609427223, -0.12404164730642575, -0.1990845971786373, -0.11790597176600531, 0.1263975991123342, 0.10084511192147698, 0.016702084652154517, 0.005412566936673599, -0.024833473302442673, -0.1765178730638982, -0.21139210513550857, 0.10340642095595633, 0.20268635900543414, 0.14829879668832865, -0.0035516260750987315, 0.00681838656133203, -0.035204882772859825, -0.22345711777677987, -0.17755198106656742, 0.11978493530813726, 0.214040791830204, 0.13227836340091353, -0.06898897082845311, -0.011532381741088175, 0.0, -0.1901767523721252, -0.17241387628291374, -0.04394238935920455, 0.10737405066880659, 0.13623408198473358, -0.012971455865478265, 0.0, -0.02952125447117072, -0.12283414412341849, -0.14005522849295543, -0.10611376379465359, -0.01672077932134047, 0.1165179648639555, 0.10035935674100015, 0.05987528650019964, -0.022171494410627216, -0.10415102154892698, -0.12566004402127146, -0.1331106596239896, -0.05008543157618214, 0.14858785001996813, 0.15743991466799787, 0.13034633097329343, -0.00778846257021227, -0.1864178346065962, -0.16548757076676598, -0.17148950071041236, 0.15443751064029984, 0.25243238376749255, 0.16072025220077268, 0.11818047705000832]
Variance of component 3 : 0.0649840790752

Component 4:  [-4.198298085067164e-19, -0.029978187514858944, -0.014665700174983594, 0.04371582580271328, -0.13999299178680819, 0.007988360931746805, 0.21122151435493558, 0.2818177065482212, -0.0006307163694612983, 0.006787674734872184, 0.056381880003428475, 0.11365563854284344, -0.21694300398808647, -0.1534612370504306, 0.1909277714256959, 0.3167319692337722, 0.024821171899539807, 0.08622209522895269, 0.1474665302766622, -0.038483171200797396, -0.22480211653536758, -0.15564165320734916, 0.1545473690655246, 0.236828334812474, 0.02062226605255556, 0.06532378959904997, 0.07358126952678257, -0.05987816746508054, -0.10104236744722489, -0.04664450738264216, 0.0005131973377224011, 0.10220321154067939, 1.262177448353619e-29, -0.09076082736402581, -0.04704579328473712, -0.0008559374706409959, 0.039361372170929866, -0.01124293785550592, -0.0644793202658167, -9.827960320897302e-32, -0.08587489678152206, -0.19954367238547374, -0.15746961233529397, -0.056887549082838225, 0.02142582057503871, -0.08265838797646095, 0.041033374342144144, 0.11066068106461298, -0.06164352635291504, -0.18521406886698633, -0.11952963517272347, 0.04054869136487012, -0.035166535435149804, -0.05110995837366713, 0.19244819912231495, 0.24896191336337428, -0.05123840664390546, -0.03918230388811149, -0.033453846825890206, 0.10037460362479299, -0.003774455913582143, 0.09473784935633228, 0.24402551392697094, 0.2317046876732158]
Variance of component 4 : 0.0486015487597

Component 5:  [9.610984719773788e-19, 0.23172251930027, 0.1198750489617639, -0.10039192019265376, -0.09347064284536027, -0.08220516571754935, 0.0301898388181137, 0.1578738238175391, -0.023337611556007304, 0.06501397106920168, -0.10118775395470628, -0.018921914814248198, 0.0807569930143448, -0.1116239215837771, 0.06990156824786786, 0.2439603363670007, -0.06466241368702562, -0.11341689159734578, -0.13098957145179038, 0.1382193859125626, 0.07446798734009652, -0.08398229405888569, 0.16475564223774017, 0.2654548476188309, -0.06990741322415259, -0.15037174786985527, -0.08991612376362355, 0.06078821193029414, -0.03207705658444724, -0.020914096418970154, 0.09096208133288973, 0.2811203512897629, 0.0, 0.005851032246636652, -0.051122536395647455, -0.0797605348366593, -0.09865054199318424, -0.02011038834889086, -0.023315389986057672, -3.2094466965246653e-29, 0.2068281775962737, 0.1629590543544529, 0.040602111628536504, -0.045867749200110365, -0.017826502917848572, 0.07578860426490036, -0.030880432777405698, -0.02592479264868277, 0.2858632859633158, 0.35908507589697364, 0.14966335741334708, -0.08782452912774205, 0.12190752875176937, 0.11716976788591209, -0.00041136829177557414, 0.0040103470810943335, 0.12662227061469097, 0.26049712368926364, 0.10975234574785522, -0.08650282943641699, 0.1118317116068537, 0.05775609958904798, 0.028956924220008177, 0.0163179839577054]
Variance of component 5 : 0.0421411986927

Component 6:  [-2.7419547160587136e-18, 0.10830958385700962, 0.004754978321897113, -0.2337173145193048, 0.039539710209057, 0.14597887761819864, 0.03635554661637458, -0.09810486541463032, 0.07824766153529605, 0.12426630660268623, -0.03701387243656963, -0.041484631142733985, 0.020494015269775206, -0.08083571416594859, -0.028936111750084315, -0.04695092139910839, 0.1042534760109404, 0.22386319833219748, 0.17637080082311268, 0.20431163371744815, 0.015419652663542756, -0.1819912316075198, -0.07423809934519035, 0.006655388355208491, 0.1018679697884954, 0.26219933819764707, 0.27788877678762697, 0.25663138670461455, 0.03112925674140895, -0.1263663220107478, -0.17412171545563554, -0.022513133320267133, -2.5849394142282115e-26, -0.002540509866354542, -0.03288661761791338, -0.03354625570800998, 0.006201838520461177, -0.014274712725058635, -0.19049973695046835, -1.5702646096973562e-28, -0.014384627248433523, -0.09930408684701404, -0.19678578416713108, -0.16914308667390035, 0.08155175728577235, 0.20503862194558217, -0.08757676264879634, -0.10996422718534231, -0.037487046595542375, -0.04373934549887609, -0.174762078388711, -0.2503579057885365, 0.19671792478923966, 0.1559018679613524, -0.08106304028224545, -0.08312012511325334, -0.0161967418703178, 0.091563440550521, -0.014836964136466759, -0.13531871030254022, 0.17284760470042917, 0.03215529707863418, -0.07761169605233027, -0.026421749490400492]
Variance of component 6 : 0.0394208280357

Component 7:  [3.3710115501275694e-18, -0.1255241330276122, -0.006178196382506551, 0.03340818416342564, -0.04616122556768876, -0.0803286116922939, -0.10675100933674597, -0.0800316707593331, 0.021871681188438713, -0.024171699653464995, 0.07947047788545114, 0.13875606338802907, 0.17743801582263657, 0.12614896214264915, -0.040761371846681646, -0.07472459030885314, 0.06474116469256644, 0.12632392459482572, 0.11024921177325238, 0.02963296980789621, 0.08760262677303245, 0.21113678368262445, 0.07988447655413267, -0.0574894619887616, 0.0547892583193109, 0.13050643817028462, -0.05354596508359143, -0.2211983958725463, -0.052918083447594765, 0.11906123627542252, 0.08893974817665584, 0.010882827507940765, 1.6543612251060553e-23, 0.050297367895375145, -0.17400783656898408, -0.2929317251963833, -0.11432524313607142, -0.13039038359773938, -0.04812258412196188, -3.2374851550270324e-26, 0.07568394513210663, 0.0662037921219619, -0.07998394076434391, -0.05147775764584548, 0.20262126369152203, -0.015778810198351045, -0.2560131371973959, -0.11702971866892782, 0.08443563740068795, 0.024676803539292087, 0.018555625125361498, 0.12985125539529416, 0.3670362843036279, 0.0533899612881143, -0.13089772544783934, 0.1784543669364193, 0.057207677654810614, -0.11013346306028388, -0.04082656520865969, 0.09885232396089828, 0.05506667149925976, -0.03426482266928087, 0.16448430880907175, 0.3509635115275602]
Variance of component 7 : 0.0338938092464

Component 8:  [-3.1818505937295397e-19, 0.21381973794425946, 0.12013994570265726, -0.10189541421287235, -0.09310197620971553, 0.06398739197720599, 0.03802143783874686, -0.15818617518914804, -0.15070029948533725, 0.017302373842482628, -0.11048749328024496, -0.1927349039094473, -0.21720906437862306, -0.11218129670222489, -0.019355046425953457, -0.19475439067957356, -0.2700261181228444, -0.10015580207549485, -0.135404250842685, -0.10018525033170364, -0.1205542207169408, -0.08317815636014493, -0.04700020405490485, -0.17276182033854748, -0.23128087336750958, 0.020747797778781607, -0.022240018128096978, -0.16896625821292552, -0.07479875932802597, 0.06807193911748648, 0.027667475790849213, -0.19142413032520383, 0.0, 0.15095821347684493, 0.01351720974664088, -0.11769317448675028, 0.0901128150247827, 0.16737577115574523, 0.0587952144394206, -2.266474878395296e-22, 0.041330856156831706, 0.13231005285283823, -0.11743548104185919, -0.05048153617959207, 0.1526906465884533, 0.04380651780894885, -0.03940390003506528, 0.04039023837934053, -0.08531599061445523, 0.01899307983522215, -0.2044305620929572, -0.14770794650450556, 0.04644130586964961, -0.08324542133796324, 0.02658011248168827, 0.1881842054835214, -0.03409730369957454, 0.2145508836002189, 0.11536380264459696, -0.1159783358638375, -0.15420977836601815, -0.02714097405074517, 0.14424538518866312, 0.21966935222623185]
Variance of component 8 : 0.0299822101163

Component 9:  [2.1417479318199118e-18, -0.05983444037108482, -0.007680805850173611, 0.021638913153637362, -0.005065733739713668, 0.1641218144337562, 0.18789247529879127, 0.06533968824502448, -0.20488259445177298, -0.2087224372899442, 0.05750274250142875, 0.17016159856198684, -0.04383610671982614, 0.14672021988692863, 0.20078681499750345, -0.013481979909721886, -0.3505377610924841, -0.19829162759235952, 0.17200510916705627, 0.11189880979128222, -0.12101216312402308, 0.0373908443700639, 0.018169133335181137, -0.16111317214721413, -0.2944835513557165, -0.12788889758754374, 0.03969488879519838, 0.07296138909965738, -0.10008183960830863, -0.13455812415322566, -0.18533647898532926, -0.18937870338975435, 1.3552527156068805e-20, -0.1143076064025057, -0.02490723091503176, -0.03403680251277342, -0.04299390552598969, -0.13173062687649437, -0.19447268750305838, -9.455708377246798e-23, -0.11250962168318433, -0.029638420533070024, 0.13054262056570384, -0.08080900590825564, 0.01319402804767968, 0.1496574810173429, -0.045886272274475545, -0.045277772954248945, -0.11416803750887719, 0.10075179797941919, 0.24148838569315625, 0.06312774050585077, 0.11414957294340775, 0.16913715359002052, -0.03939077714045557, -0.02679256804904084, 0.023696045525411175, -0.009629669892917983, -0.013371407680597752, 0.1058245995802287, 0.10035309304243235, 0.036675181570835144, -0.057176011255857286, -0.02919667493297009]
Variance of component 9 : 0.0293200255125
----------------------------------------

Input 0:

[ 0.         -0.33501649 -0.04308102  0.27407152 -0.66447751 -0.84412939
 -0.40972392 -0.12502292 -0.05907756 -0.62400926  0.4829745   0.75962245
 -0.05842586  1.12772113  0.87958306 -0.13043338 -0.04462507  0.11144272
  0.89588044 -0.86066632 -1.14964846  0.51547187  1.90596347 -0.11422184
 -0.03337973  0.48648928  0.46988512 -1.49990136 -1.61406277  0.07639777
  1.54181413 -0.04723238  0.          0.76465553  0.05263019 -1.44763006
 -1.73666443  0.04361588  1.43955804  0.         -0.06134367  0.8105536
  0.63011714 -1.12245711 -1.06623158  0.66096475  0.81845076 -0.08874162
 -0.03543326  0.74211893  1.15065212 -0.86867056  0.11012973  0.53761116
 -0.75743581 -0.20978513 -0.02359646 -0.29908135  0.08671869  0.20829258
 -0.36677122 -1.14664746 -0.5056698  -0.19600752]  ->

[[ 1.91421366 -0.95450157  3.94603482 -2.02872332 -0.2671728   0.53032688
  -1.41532079  1.49606164 -0.12491434  0.82224561]] 


Input 1:

[ 0.         -0.33501649 -1.09493684  0.03864775  0.26875116 -0.13801953
 -0.40972392 -0.12502292 -0.05907756 -0.62400926 -1.91557297 -0.24630352
  1.19644995  0.13619465 -0.51499146 -0.13043338 -0.04462507 -0.72764628
 -1.2133854   1.38030848  1.44186017 -0.29155283 -0.54880546 -0.11422184
 -0.03337973  1.44018517  0.95451315  1.22058589  0.98740215 -0.94558832
 -0.62889588 -0.04723238  0.         -0.67237227 -1.05445197  1.10556952
  0.96064411 -0.97870236 -0.82269451  0.         -0.06134367 -0.5312841
 -0.89983895  1.36217503  1.33078862 -0.39278683 -0.79827225 -0.08874162
 -0.03543326 -0.40357499 -1.15311752  1.23639392  1.24208282 -0.45750018
 -0.75743581 -0.20978513 -0.02359646 -0.29908135 -1.08938309 -0.24900951
  0.84963214  0.54856067 -0.5056698  -0.19600752]  ->

[[ 0.58898033  0.9246358  -3.92475494  1.77985046 -0.99342973 -0.67565182
   1.87856458  0.55633553 -1.07987725 -0.08745053]] 


Input 2:

[ 0.         -0.33501649 -1.09493684 -1.84474239  0.7353655   1.09767273
 -0.40972392 -0.12502292 -0.05907756 -0.62400926 -1.36206201  1.01110394
  0.98730398  0.96246672 -0.51499146 -0.13043338 -0.04462507 -0.72764628
 -0.33452463  1.03554312  0.14610585  1.32249658 -0.54880546 -0.11422184
 -0.03337973 -0.78510524 -1.30708431 -0.47971864  0.8248106   0.58739082
 -0.62889588 -0.04723238  0.         -0.38496671  0.05263019  0.6268446
  0.79206232 -1.31947511 -0.82269451  0.         -0.06134367  2.48785073
  1.39509519  1.36217503 -0.42702619 -1.44653841 -0.79827225 -0.08874162
 -0.03543326  1.31496589  0.97343907  1.23639392  1.24208282  0.37175927
  0.25922997 -0.20978513 -0.02359646 -0.29908135 -1.08938309 -2.07821787
 -0.16403733  1.56568555  1.6951369  -0.19600752]  ->

[[ 1.30203906 -0.31718883 -3.02333293  2.04337624 -2.08115487  0.93512055
  -1.29620045  1.15616027 -0.78560583  1.09920591]] 


Input 3:

[ 0.         -0.33501649  0.37766131  0.74491906  0.26875116 -0.84412939
 -0.40972392 -0.12502292 -0.05907756  1.87969075  0.4829745  -1.50371099
  0.98730398 -0.69007742 -0.51499146 -0.13043338 -0.04462507 -0.16825361
 -1.5649297   1.03554312  0.9559523  -1.25998248 -0.54880546 -0.11422184
 -0.03337973 -0.78510524 -1.14554164  1.05055544  0.17444436 -1.11591934
 -0.62889588 -0.04723238  0.         -0.67237227 -1.21260656 -1.28805509
  0.28631697  0.554775   -0.53991295  0.         -0.06134367 -0.5312841
 -1.05283456 -1.12245711 -1.06623158  0.30971422  1.04941119 -0.08874162
 -0.03543326 -0.40357499  0.08737382 -1.06004006 -0.83316451  0.86931494
  1.0725626  -0.20978513 -0.02359646 -0.29908135  0.28273565  0.20829258
  0.24143046  0.37903986 -0.5056698  -0.19600752]  ->

[[-3.0207702  -0.86877232  0.80174419  2.18703851 -0.55681339  0.7271238
   0.95976552 -1.38263829 -0.25907512 -0.74455451]] 


Input 4:

[ 0.         -0.33501649 -1.09493684 -2.5510137  -0.19786317 -1.02065685
 -0.40972392 -0.12502292 -0.05907756 -0.62400926 -1.91557297 -1.25222949
 -0.4767178  -1.35109507 -0.51499146 -0.13043338 -0.04462507 -0.72764628
 -1.5649297   1.03554312 -0.17783273 -0.9371726   0.06488677 -0.11422184
 -0.03337973 -0.78510524 -0.33782826  1.05055544 -1.61406277  0.24672879
  1.54181413 -0.04723238  0.          0.76465553  1.31786694  0.14811967
 -1.73666443  1.23632049  0.8739949   0.         -0.06134367  0.8105536
  1.24209958  1.36217503  0.85138458  1.36346581 -0.56731182 -0.08874162
 -0.03543326 -0.40357499 -1.33033057 -1.25140956  1.05342397  0.20590738
 -0.75743581 -0.20978513 -0.02359646 -0.29908135 -1.08938309 -2.30686892
  0.84963214 -0.46856421 -0.5056698  -0.19600752]  ->

[[ 4.52894903 -1.09347989 -0.97312081  1.41950965 -1.71510592  1.43159151
   1.07364896 -0.96824028  1.66021613 -1.17459319]] 


Input 5:

[ 0.         -0.33501649  1.42951714 -0.43219978 -2.76424203 -1.02065685
 -0.40972392 -0.12502292 -0.05907756 -0.62400926  0.66747815  1.01110394
  1.19644995  0.96246672 -0.51499146 -0.13043338 -0.04462507 -0.72764628
  0.54433613  1.55269115  1.27989088  0.35406693 -0.24195935 -0.11422184
 -0.03337973 -0.78510524  0.30834245  1.22058589  0.98740215 -0.09393324
 -0.62889588 -0.04723238  0.         -0.67237227 -1.21260656 -0.80933017
 -0.55659194  1.23632049  1.15677647  0.         -0.06134367 -0.5312841
 -1.05283456 -1.12245711 -0.58682754  1.36346581  1.28037162 -0.08874162
 -0.03543326 -0.40357499 -0.44426532 -1.06004006  0.48744743  1.20101872
  0.05589682 -0.20978513 -0.02359646 -0.29908135  0.67476958  0.89424571
  0.84963214  0.54856067 -0.5056698  -0.19600752]  ->

[[-1.30188958 -1.14818278  1.57460724  2.41364758 -0.63097627  0.7408032
   1.30679906  0.44162752 -0.86785944  0.81900169]] 


Input 6:

[ 0.         -0.33501649 -1.09493684  0.03864775  0.26875116 -1.02065685
 -0.40972392 -0.12502292 -0.05907756 -0.62400926 -0.99305471  1.01110394
 -0.4767178  -1.35109507 -0.51499146 -0.13043338 -0.04462507 -0.72764628
  0.54433613  1.55269115 -0.66374059 -1.25998248 -0.54880546 -0.11422184
 -0.03337973 -0.78510524  0.79297048  0.71049453 -1.61406277 -1.28625035
 -0.62889588 -0.04723238  0.         -0.67237227  1.15971234  0.46726962
 -0.55659194 -1.14908874 -0.82269451  0.         -0.06134367 -0.5312841
  0.93610836  1.36217503  0.85138458  1.36346581 -0.10539096 -0.08874162
 -0.03543326 -0.40357499 -0.08983923  1.23639392  0.29878858  1.03516683
  0.86922944 -0.20978513 -0.02359646 -0.29908135 -0.89336612 -0.7063116
  0.64689824  0.71808148  0.22793243 -0.19600752]  ->

[[ 1.43422221 -2.95784467 -2.83127826  0.07695179  0.52303167  0.01090295
   0.98371753 -0.73229316 -1.08965299  1.72624331]] 


Input 7:

[ 0.         -0.33501649  0.37766131 -0.90304732  0.26875116  1.80378259
  4.10175822  0.83920967 -0.05907756 -0.62400926 -0.62404741 -1.25222949
 -1.31330167  0.46670348  2.83198738 -0.13043338 -0.04462507 -0.72764628
 -1.74070185 -1.20543167  0.14610585  0.83828176 -0.24195935 -0.11422184
 -0.03337973  0.48648928 -0.17628558 -0.13965773  0.8248106   1.26871488
  0.99913663 -0.04723238  0.         -0.09756115  0.52709397  0.94599454
  0.79206232 -0.80831599 -0.82269451  0.         -0.06134367 -0.5312841
 -1.05283456  1.36217503 -0.42702619 -1.44653841 -0.79827225 -0.08874162
 -0.03543326 -0.40357499  0.26458687  1.04502442 -1.5877999  -1.45261152
 -0.75743581 -0.20978513 -0.02359646 -0.29908135  1.45883743 -1.62091578
 -2.39411016 -1.14664746 -0.5056698  -0.19600752]  ->

[[ 0.61423957  5.46218401 -0.65824182 -0.43442932  0.85017362 -0.95401283
  -1.83386632 -2.08750413  1.18494324  0.01912872]] 


Input 8:

[ 0.         -0.33501649  0.79840364  0.50949529 -0.89778468 -0.84412939
 -0.40972392 -0.12502292 -0.05907756 -0.62400926  0.29847085  0.50814096
  0.77815801  0.63195789 -0.51499146 -0.13043338 -0.04462507 -0.72764628
 -0.15875248  0.51839509 -1.14964846  1.16109164  0.678579   -0.11422184
 -0.03337973 -0.78510524 -0.98399896  1.22058589  0.33703592  1.09838387
 -0.08621838 -0.04723238  0.         -0.67237227 -0.57998819  1.10556952
  0.96064411 -1.14908874 -0.82269451  0.         -0.06134367  0.47509418
  1.39509519  0.11985896  0.37198054  0.83659002 -0.33635139 -0.08874162
 -0.03543326  0.16927197  1.32786517 -1.63414855 -1.2104822   1.20101872
  0.86922944 -0.20978513 -0.02359646 -0.29908135  1.0668035   0.89424571
  0.64689824  0.71808148 -0.26113572 -0.19600752]  ->

[[-1.09845106 -0.66582328  0.04102293  1.10252528 -0.90072478  0.75512993
  -0.96646796 -0.38637134 -1.2239998   1.52435353]] 


Input 9:

[  0.00000000e+00  -3.35016487e-01   1.21914597e+00   3.86477527e-02
  -2.76424203e+00  -1.02065685e+00  -4.09723921e-01  -1.25022923e-01
  -5.90775571e-02   1.91574153e-03   1.03648545e+00   1.01110394e+00
   1.19644995e+00   7.97212303e-01  -5.14991458e-01  -1.30433381e-01
  -4.46250733e-02   1.11442724e-01   1.07165259e+00   8.63160446e-01
   4.70044431e-01   9.99686699e-01  -5.48805463e-01  -1.14221844e-01
  -3.33797263e-02  -4.67206611e-01   1.11605583e+00  -1.32987091e+00
   3.37035923e-01   1.26871488e+00  -6.28895882e-01  -4.72323823e-02
   0.00000000e+00  -6.72372275e-01   8.43403156e-01   1.10556952e+00
  -2.19428376e-01   1.06593412e+00  -2.57131377e-01   0.00000000e+00
  -6.13436689e-02  -5.31284098e-01  -1.05283456e+00  -6.56588586e-01
  -1.22603292e+00   1.34088961e-01   1.74229248e+00  -8.87416172e-02
  -3.54332626e-02  -4.03574986e-01  -1.33033057e+00  -1.82551805e+00
  -7.85291143e-02   1.03516683e+00   5.58968166e-02  -2.09785127e-01
  -2.35964589e-02  -2.99081347e-01   6.74769578e-01  -2.03584681e-02
   2.41430458e-01  -6.38085018e-01  -5.05669803e-01  -1.96007519e-01]  ->

[[-0.53796986 -0.77749268  1.56892209  0.75998287 -0.12134265 -0.60098752
   0.67518599 -0.13940074 -0.37776505 -0.29311452]] 


Input 10:

[ 0.         -0.33501649 -0.88456568 -0.66762355  0.7353655   0.92114526
 -0.40972392 -0.12502292 -0.05907756 -0.62400926  0.1139672   1.01110394
 -0.4767178   0.96246672  1.15849796 -0.13043338 -0.04462507 -0.16825361
  1.07165259  0.51839509 -1.14964846  0.19266199  2.21280958 -0.11422184
 -0.03337973 -0.46720661  1.11605583 -0.81977955 -1.61406277  0.07639777
  1.54181413 -0.04723238  0.          0.47724997  1.31786694 -0.80933017
 -1.73666443 -0.1267705   1.43955804  0.         -0.06134367 -0.19582467
  1.39509519 -0.34600957 -1.06623158  0.48533949 -0.10539096 -0.08874162
 -0.03543326 -0.40357499  0.79622602  0.47091593  0.11012973  0.20590738
 -0.75743581 -0.20978513 -0.02359646 -0.29908135 -0.89336612 -0.47766056
  0.24143046 -0.63808502 -0.5056698  -0.19600752]  ->

[[ 3.37875967 -0.49576827  2.28089547 -1.42920364  0.00657029 -0.15057999
  -0.73917476  0.6160612  -0.9457916   1.52613584]] 


Input 11:

[ 0.         -0.33501649 -1.09493684 -2.78643746  0.50205833  1.27420019
 -0.10895844 -0.12502292 -0.05907756 -0.62400926 -1.91557297 -1.75519248
  1.19644995  1.29297554  0.04283835 -0.13043338 -0.04462507 -0.72764628
 -1.74070185  1.2079258   1.44186017  0.67687682 -0.54880546 -0.11422184
 -0.03337973 -0.46720661  0.14679977  1.22058589  0.98740215  0.75772184
 -0.62889588 -0.04723238  0.          0.18984441  0.68524856  0.78641957
  0.96064411  0.04361588 -0.82269451  0.         -0.06134367 -0.5312841
 -1.05283456 -0.34600957  1.33078862  1.18784054 -0.79827225 -0.08874162
 -0.03543326 -0.40357499 -1.33033057 -1.06004006  1.24208282  0.86931494
 -0.75743581 -0.20978513 -0.02359646 -0.29908135 -1.08938309 -2.53551997
  0.24143046  1.56568555 -0.26113572 -0.19600752]  ->

[[ 2.06334456  2.01667876 -1.54047635  4.77315068 -2.19426363  0.34445971
   3.08440997 -0.35092272  0.70817973 -0.08171763]] 


Input 12:

[ 0.         -0.33501649 -0.04308102  0.03864775 -2.53093486 -1.02065685
 -0.40972392 -0.12502292 -0.05907756 -0.62400926  0.8519818   0.50814096
 -0.68586377 -1.35109507 -0.51499146 -0.13043338 -0.04462507 -0.72764628
  0.54433613 -1.03304899  0.79398301 -1.25998248 -0.54880546 -0.11422184
 -0.03337973 -0.14930798  0.14679977 -1.49990136  0.66221904 -1.28625035
 -0.62889588 -0.04723238  0.         -0.67237227 -0.89629737 -1.44763006
  0.96064411 -1.31947511 -0.82269451  0.         -0.06134367 -0.5312841
 -1.05283456 -0.19072006  1.17098727 -1.44653841 -0.79827225 -0.08874162
 -0.03543326 -0.40357499  0.26458687  1.23639392  1.05342397  0.04005549
  0.86922944  1.82247295 -0.02359646 -0.29908135 -0.5013322  -0.24900951
 -0.77223901  1.05712311  2.42873914  1.95498797]  ->

[[-1.9370112  -1.81524657 -2.80136732  0.78654736  3.02577652 -0.38455294
  -0.64771401  2.90971169  1.54040488  0.02865763]] 


Input 13:

[ 0.          1.87020193  0.79840364  0.74491906  0.50205833  0.56809033
  0.49257251 -0.12502292 -0.05907756  0.62784075  0.4829745  -1.000748
 -0.26757183  1.29297554  1.71632777 -0.13043338 -0.04462507 -0.72764628
 -1.74070185 -0.17113561  1.11792159  1.16109164  0.37173289 -0.11422184
 -0.03337973 -0.78510524 -1.46862699  0.37043362  0.66221904 -0.94558832
 -0.62889588 -0.04723238  0.         -0.67237227 -1.21260656 -1.12848011
  0.79206232  0.38438862 -0.82269451  0.         -0.06134367 -0.5312841
 -1.05283456 -1.12245711 -0.90643023  1.18784054  0.12556947 -0.08874162
 -0.03543326  0.16927197 -0.44426532 -0.67730106  0.67610628  1.20101872
  0.46256313 -0.20978513 -0.02359646  1.84215045  1.26282047 -0.02035847
  0.24143046  0.71808148 -0.5056698  -0.19600752]  ->

[[-3.25807639  2.14912426  1.61564766  1.79892705 -0.74536619  1.82882285
   0.76342634 -0.62894214  1.04802477  0.94698218]] 


Input 14:

[ 0.         -0.33501649 -1.09493684 -0.90304732  0.7353655  -0.84412939
 -0.40972392 -0.12502292 -0.05907756 -0.62400926 -1.73106931  0.50814096
  0.56901204 -1.18584066 -0.23607655 -0.13043338 -0.04462507 -0.72764628
  0.01701967  1.38030848 -0.66374059  1.16109164  2.82650182 -0.11422184
 -0.03337973  1.44018517  1.11605583 -0.30968819 -1.45147121  1.4390459
  1.54181413 -0.04723238  0.          1.91427777  1.31786694  0.6268446
  0.62348054  1.23632049  0.59121333  0.         -0.06134367 -0.19582467
  0.47712153  1.20688552  1.33078862  1.01221528 -0.79827225 -0.08874162
 -0.03543326 -0.40357499 -1.33033057 -1.63414855  1.24208282  0.20590738
 -0.75743581 -0.20978513 -0.02359646 -0.29908135 -1.08938309 -0.47766056
  0.64689824 -0.46856421 -0.5056698  -0.19600752]  ->

[[ 5.45874372  0.02513235 -0.18252682  0.11962157 -0.54103182  0.10481233
   1.08311384  0.9509424   0.85323893 -0.89154984]] 

