RCA Reduction of Digits Dataset:

----------------------------------------
Length of 1 input vector before reduction: 64 

Length of 1 input vector after reduction: 10 


Projection axes:

Axis 0:
 [-0.49369474160759746, 0.7794338053141168, 0.1750564270308496, 0.5203495309775916, 0.45787606336340186, 0.19185025227079047, -0.24186159514283553, 0.14285657354450088, 0.04332204327031996, 0.3178276450333789, -0.7085377257642861, -0.10455797250081708, 0.517199806850231, -0.35628072907516, -0.2326907335785377, 0.23751249388630596, -0.13096300891574136, -0.16581824900065778, -0.19106756037217146, 0.23172062919810385, 0.38715615914614804, -0.2367984694254721, -0.01763345253298249, -0.5179240321107828, 0.5251729035577966, 0.29204631230357647, 0.7950988443070587, 0.03098564720060572, 0.2800462716786919, -0.20709881503059863, -0.6246856405204168, -0.4024755132892893, -0.5276104618027427, -0.4102719433304123, -0.06798373084479206, 0.38861423897391506, 0.3301291613168637, -0.6835403736602972, 0.3956591096009752, -0.3010229922275689, 0.49987631068761007, -0.10983914330077743, 0.27572005317647336, -0.04410932823518683, 0.4400665406621871, -0.0821444662897089, 0.45951174599919714, 0.16242864374862456, -0.14005351809895386, 0.5374600133034664, -0.327114028698966, -0.24983582905347348, 0.01389854242806945, 0.14885278314561348, 0.24719321532349983, 0.40735089922050366, 0.3460952575375281, -0.06089233357451482, 0.020362745008252015, 0.09983511898288552, -0.4064503721559965, 0.1328164105097834, -0.18768980715497477, 0.08497104697051255]
Axis 1:
 [0.0646166791477343, -0.5129169460492393, -0.2331323223457071, -0.3193435648040807, 0.10252210655559965, 0.23080263952048805, -0.03500031067445001, 0.2747498053580259, -0.23315946359556022, 0.14517629505715626, 0.38592418424802116, -0.15312036287254097, 0.36532862009207295, 0.22107016598610243, 0.23696476036570813, -0.16401627372976307, -0.29695941884151333, -0.08944826606864374, -0.5991151698613022, 0.08484986105488408, -0.06939534305875476, -0.3541550740364792, 0.03328659442668921, 0.33447194688640963, -0.3493790219842803, 0.3636393724938663, 0.3058482428274576, -0.22403190644445442, 0.0031066308657269445, -0.2957082401885869, -0.6894552296545344, -0.11420189541270996, 0.6157173908659516, 0.4906054654392301, -0.040336430280021734, -0.34278293882404115, 0.28492508224190943, 0.11435712464746589, -0.129004151436051, -0.44362566236815115, 0.37021362381840944, 0.31896376882939004, -0.14637073690764152, 0.045552708370609665, 0.2828985333411032, 0.09198379352664826, -0.06563555753822634, 0.07482593238367369, -0.02764902870124939, -0.15076186732057464, -0.2014782082969586, -0.10541534710178409, -0.110074971898074, -0.17536825327541442, -0.6551877306338311, 0.5834318723289723, -0.20953194429455757, 0.20745935346514638, -0.06965633370640241, 0.3325019794342502, 0.4599589403794818, -0.3307407466623789, 0.6187820083571032, -0.30549092417527]
Axis 2:
 [0.3015978282067367, 0.001190829064217336, 0.2718474521048489, -0.3960851912351675, 0.6491827866321936, -0.13073337828205364, 0.006335745872725599, -0.03381469714601084, -0.03102186616816994, 0.40873433715047536, -0.5558912456126527, 0.2740591899930981, 0.0929987021822431, 0.12484888096609148, 0.009299027903731789, 0.24028877144741972, 0.46503482518819, 0.3889743777483583, -0.1504234917725955, 0.09390716575138873, -0.009953290678401108, -0.20295261462487643, -0.18175166484762492, 0.19352391151513687, -0.5700073373058265, -0.10049675962134559, 0.10779062575946763, -0.12102242196979193, 0.06892619849024127, -0.4468600471864896, -0.2575915209407495, 0.3040083226249351, -0.16166391561504406, 0.06123809831935978, -0.017936405803828947, -0.10566585727614602, 0.2640900876094974, 0.06921909887257563, -0.47399888881569385, 0.5423890405899868, 0.026200646385915374, 0.13300710512043315, 0.4827996234362354, -0.0482881492744904, 0.32840469601952565, -0.6353874003269651, -0.12445033267424943, 0.17633352572456645, 0.2782755257139506, 0.08347902688398166, -0.22882919852881076, 0.32588956099824473, 0.1465070485441897, -0.41292435515055326, 0.10452253264974132, -0.3850082086275952, -0.08698451950434548, 0.26764031249193304, 0.25591840297610946, -0.16751944548793302, 0.19870484908256592, 0.23150499140521633, 0.3630121498016297, 0.18216041077789488]
Axis 3:
 [0.2747950966683669, -0.19550740255230653, -0.02437718898117474, -0.7919546614610413, 0.07935008454471816, -0.23523566207744442, -0.6674125377628539, -0.15415727527131193, 0.07058432981559622, 0.7790484197280604, 0.0667550697726419, -0.020298990311681607, -0.08972140337740563, -0.5488811463248735, 0.38249274931233945, -0.5705108921299664, 0.1345090156889351, 0.10905259474361363, 0.057163610068710284, 0.0873713894172707, 0.297972115580301, 0.2521962300740192, 0.24866691787353898, 0.3649920605927926, 0.09643198643429274, -0.023562740711685893, -0.030892054340517856, -0.014638169610111685, -0.09895599935522392, -0.694286162499164, -0.2558287962504943, -0.3673881639676279, 0.38018409326728636, 0.6553111773455255, -0.42586743992026665, -0.515886810433318, -0.28595954862909373, -0.15441283137941875, -0.2230916604351545, -0.35265167022176735, -0.016136212691777414, 0.16866502151554258, -0.37189791634529, 0.16965787702719268, -0.13323122099060714, -0.41852949609195156, -0.5183275769455492, 0.37977753803808645, -0.04521785704064409, -0.07938051844905566, 0.22562581210110963, 0.23457064064398234, -0.020017866207739037, -0.5440464096407548, -0.0994644522567065, -0.046777633749403524, -0.18526648193610154, 0.22605432904489228, 0.04529403432796035, -0.16986519751873366, -0.09038924742672824, -0.6068334980766428, -0.14515031195529118, 0.04669280550012144]
Axis 4:
 [0.3312530441204059, 0.29831538141750097, -0.5622221035592853, -0.15976397557870148, -0.1229020387914103, 0.34363718726207637, 0.29848628383592857, 0.27232873435407723, -0.03153671930643548, 0.3225230162230504, 0.30758505090464405, -0.23174268012004712, -0.11160091510311418, 0.14935780737697338, -0.3287725592501707, 0.13964589072279004, -0.5084995527056647, -0.36718110298311385, -0.37712507805885415, 0.048271077544493855, -0.22646030511307824, 0.1818230326956242, 0.015953149298992064, 0.2346525298484794, -0.4652729556816534, -0.0019909045891210605, -0.5630295344249308, -0.3902808720869618, 0.27923311443538995, -0.11510122228028877, -0.39802720230921457, -0.3762233189590896, -0.16326573997179847, -0.2819090768465432, -0.14374683766845217, 0.288331788939137, 0.28597590068047735, 0.049845791032728425, 0.2129480571647116, 0.27621257763358137, -0.009755891063072349, -0.2394932954505044, -0.20059863184290747, -0.3654050324035696, -0.03061128695183732, -0.3702079761967552, -0.2480958945049855, 0.16615691282131295, -0.06551954904769691, 0.05415678272709151, 0.38113893607081106, -0.5224309032189947, 0.45016814291010715, 0.2914791007302233, -0.2056825744165151, 0.09535333156619723, -0.6361430031510186, 0.11382385308851456, -0.1980398049227591, 0.43146155174674045, -0.31715024191793245, -0.04472201961351668, 0.4622089550065505, 0.3638935813963595]
Axis 5:
 [-0.25275880031946, 0.12436809037687756, -0.34759060991041496, 0.007893466604950739, -0.11987505832393845, 0.2805360457287567, 0.09320559090321448, 0.061270943638564924, -0.4393507153186301, -0.03526428593276623, 0.5056032135605232, 0.44919699995217743, -0.2668839022480349, 0.019322317877843716, -0.4526564589376494, 0.17836524918474975, -0.1289855594536107, 0.21092013076674518, 0.32412576535930254, 0.10183075425207329, -0.33109371347464583, -0.052046956985715195, 0.3866487203312947, -0.29388198934325843, 0.5878688182100812, 0.11979540360355012, 0.2033967066855462, -0.3299955025969421, 0.01203447627893018, -0.15107771127013353, 0.12174653482931677, -0.1138009440938369, 0.16091482727411166, -0.10568676268626737, 0.21350887644446587, -0.3195699665962688, -0.08406213822436626, 0.32099936740080026, -0.1675676915290198, -0.04621474540108839, 0.44657009833469913, 0.4048002003021127, 0.38189367198788793, 0.45035347529409836, 0.2551930966399442, -0.5257547928810857, 0.2153270307524195, 0.04257593128359617, 0.20569234279321297, 0.6632766953158882, 0.331055982721207, -0.07275341382443651, 0.14730908507860102, -0.3656566094862993, 0.19134186353001686, -0.27789537845443074, -0.11272720213109717, 0.24824448233199528, -0.4598325374111558, 0.12997130212962618, -0.13405584269051335, -0.0020232008154330086, -0.23580016139791105, -0.0400837370558087]
Axis 6:
 [-0.06403850215502302, -0.2092323753219317, 0.25679770023404824, 0.5066813361274403, -0.2344419363329297, 0.12873323745400836, 0.2827621377720689, 0.0035971639183726557, -0.1402309211002024, -0.03904509888901606, 0.10775517613431493, -0.6736187635514445, 0.10195376794776546, -0.020488012212031968, -0.4909513334551228, 0.7589442569786463, 0.15089557722868432, -0.7172923758197223, -0.128423601371153, -0.35943907263161634, 0.010342870114414201, -0.17436889711330367, 0.44525447286370823, -0.29263152770772266, 0.07259666987394532, -0.17124412472012815, -0.051095707477188834, 0.242125879808428, 0.13833333116339416, 0.1268960607526439, -0.6048319924129758, -0.05251666195386926, -0.3210969149033478, -0.5395034412441722, -0.20632438903661418, -0.5071068120748683, 0.17724460428843675, 0.4057497534233263, -0.1605603642514087, -0.1982764400065582, 0.5668317772870087, 0.42105221728350317, 0.25515326190734383, 0.12920403902705607, 0.17852189152446757, -0.3721812097988472, 0.24941692165839432, -0.01688271856723341, 0.6866943579326179, -0.2555211399390644, 0.06359506899067018, -0.5378201604858192, 0.020910604401411157, 0.35084831374854125, -0.040888682025895046, -0.173748232244022, 0.39240014644646465, -0.18503491968056215, 0.10244466187499329, 0.05572336770181691, -0.002911543956448241, -0.24951639182981092, 0.060433011217081785, 0.3802014997580751]
Axis 7:
 [0.147832662167285, -0.24230166763777947, -0.1223304666792093, -0.39821199985596584, 0.6186377655443687, 0.5034962761924227, -0.2845451698753636, 0.6213784433281033, -0.11124670605028286, 0.13229153466223043, 0.2581707992664657, -0.05158331630655966, -0.06622302597415909, 0.45323590138890246, 0.20801231421250546, 0.06311730128298826, 0.10822990761341941, -0.020325570335522947, 0.046469923771493206, 0.3203163697871545, -0.14002614720138107, -0.5536304113444794, 0.49017663348304286, 0.017057392174679345, 0.2560158691399885, 0.1144557606689419, -0.3522979278071471, 0.028490523029805596, 0.24062272239911434, -0.19925955928511913, 0.5014612302718897, -0.37772275675609573, 0.35879327783413495, 0.10419079080755754, 0.06226306955665973, 0.3032031752384301, -0.013979090228207761, 0.004403940397494401, 0.47689346364855884, -0.4078510496491163, -0.11320040720233536, 0.12495103208718758, -0.568949351518579, -0.05090874988661249, -0.16916670179761673, -1.007969476030227, -0.5229273880806964, -0.2408160254394651, 0.25145901628035505, -0.24249979711361613, 0.38044467284345607, 0.3079812872221893, -0.2899715977793222, -0.09642114404399507, -0.17692402450515202, 0.7312574832968294, 0.3511734266053547, -0.421042353817879, 0.03161039620590441, -0.6178548979812247, -0.1110967641897244, -0.25489070155141114, 0.1157449768350149, -0.5105724382719946]
Axis 8:
 [0.1202960896883795, 0.3178492804835261, -0.10441091020986858, 0.08676453623661189, -0.19683578047947528, -0.5764612980366813, -0.012547876322396598, 0.06675064146093043, 0.013128870000813128, 0.3148436202329733, 0.2533322895312918, 0.08417884561433515, -0.2109866198027502, -0.47538613498855836, 0.30752184705109814, 0.31730367615734145, 0.1507425621941822, -0.30574750188296757, 0.1893166349432642, 0.34417606748797214, 0.22104473776018194, -0.31439237020196836, 0.3151664466213053, -0.3006741212797427, -0.09774846051452381, -0.06703430074225943, -0.12343126314471024, -0.21072010029558993, 0.18558545970166873, -0.24408721599133518, -0.3942617764797981, -0.12692287663921883, -0.32072944616858906, 0.43484944394254044, -0.5639205360989206, -0.005818809719470138, 0.23948337009770226, -0.154389310464318, -0.22392445728560822, -0.11866446762835228, 0.19575259246657126, 0.3057233419165619, -0.28828981404332304, -0.2997669279384574, -0.17248213602743626, 0.26504820185353883, 0.2462308668940303, -0.39934042348893817, -0.27949106973617655, -0.3812876191622831, -0.045778173483077965, 0.2801233690880794, -0.31945232443262966, -0.19182518448678684, 0.09123358316869287, -0.17984804361555873, -0.15223959091063083, -0.20140986508321893, 0.1763475447926997, 0.046436995479153816, 0.48475208920341223, -0.04353742158618025, -0.11507616791548289, 0.0694198817201763]
Axis 9:
 [0.18216470925420195, -0.13999807669014036, -0.45384418443145574, 0.5630234657756062, 0.024767697088139105, -0.0846239901460408, 0.2541792983847379, 0.15774549410928218, -0.4087869061992691, 0.20168711185491098, 0.4613275957769806, 0.49557595207988603, 0.12701384963849752, 0.36822942594535113, 0.2560627907228133, -0.07341004966622325, -0.1300815233674772, -0.07974452776236209, -0.23119141146277844, -0.11841444259025795, 0.33098001599363464, 0.21672195998708763, -0.7194956700705066, 0.048793136639562494, 0.07563127140326707, 0.41765959154452864, 0.29558913226874584, 0.29523022722379477, 0.19629963231905348, -0.2944077791472885, 0.002651326461281153, -0.21429993490560184, -0.45794905783524986, -0.3117563646484842, -0.4396914094268738, -0.0994125066617894, -0.06530760916322229, -0.4613656846154746, -0.1254361064151799, -0.03535602531371195, 0.2742458499489749, -0.04708336528910785, 0.3164577540312531, -0.03342138035165429, 0.9461893314334842, 0.13524250860749648, -0.47181777966680427, -0.3896225206937063, 0.16999839234851752, -0.07769283935328224, 0.20703268375084669, -0.4917914529082687, 0.2613533160673945, -0.4575311769911806, 0.06032431973231104, 0.010309976628389181, -0.13351971069583776, -0.5122155284002391, -0.24880391256117432, 0.2968864967946035, 0.26997045904939415, -0.23396167412198696, 0.10805978359230839, 0.33218920732333185]
[-1.53451143  1.95872771  0.08725639 ...,  0.11956283 -1.06982069
  0.41519631]

Variance of dimension 0:
1.0 

[-0.43840916  1.24767598 -0.20332466 ..., -1.06416412 -0.53123445
 -2.19130938]

Variance of dimension 1:
1.0 

[-1.70182026  1.05686676  1.90013768 ..., -0.22955331 -1.72763838
 -0.53781064]

Variance of dimension 2:
1.0 

[ 0.22940205  0.24979733  0.08224976 ...,  0.07152996 -1.51664883
 -1.21855414]

Variance of dimension 3:
1.0 

[-0.61877543 -0.24082998  0.89970427 ..., -0.04708012 -0.28905231
 -0.16925588]

Variance of dimension 4:
1.0 

[ 1.02694033 -0.86104525  0.94417517 ...,  0.21719575 -0.46301495
  1.09498988]

Variance of dimension 5:
1.0 

[-0.37094224 -0.40307426 -0.57528961 ..., -0.27691955 -0.58995724
  0.1410006 ]

Variance of dimension 6:
1.0 

[ 0.06875976  0.08656858  1.28698299 ..., -0.36162226 -0.48375647
 -2.06927341]

Variance of dimension 7:
1.0 

[-0.29129044  0.15078098 -1.49164768 ...,  0.50530807  0.1763529   0.2773656 ]

Variance of dimension 8:
1.0 

[-0.63571691  1.7817884  -0.2951316  ...,  0.89409838 -0.69771599
 -0.69898008]

Variance of dimension 9:
1.0 

