ICA Reduction of Digits Dataset:

----------------------------------------
Length of 1 input vector before reduction: 64 

Length of 1 input vector after reduction: 10 

----------------------------------------

Projection axes:

Axis 0:
 [ -2.84217094e-14   7.45408541e-15   3.10496418e-14  -1.95320229e-14
   2.08841683e-14  -4.21162324e-14   3.43033305e-14   2.66397551e-14
   1.26797646e-14   9.81274235e-15]
Axis 1:
 [ -0.93706308   1.34825725  -8.46384153   0.42602352  -7.3294602
  -6.09553215   0.13310739  32.32471438  -1.93092027   1.51098924]
Axis 2:
 [ -1.55927066   4.2824133  -21.40194126  -3.21966355   1.94526439
 -13.40338361  -1.55059144  27.07021276  -1.14939206  -4.99362464]
Axis 3:
 [ 13.48418052   5.16233983 -19.74398023  -2.07851471   9.9938164
 -11.63774765  -0.42199912   8.67813301   2.7646651  -16.50318845]
Axis 4:
 [ -1.27869264e+01   2.71576381e-03   1.72908304e+00   1.51409612e+01
   6.39533791e+00  -4.11132042e+00  -4.64660983e+00  -2.32265449e+00
   8.24560087e-01  -3.39504387e+00]
Axis 5:
 [-20.84903218  -8.72546405   2.76083599  11.25910361  17.35346633
  -1.09354944  -4.62704093   7.26834456  -9.56256704   0.11933418]
Axis 6:
 [ -9.82865482 -22.85536634   5.78896296   4.92612783  15.18819527
   2.20752576  -1.86527301   8.55454395 -11.25533796  -3.02500454]
Axis 7:
 [  1.5496755  -30.41670267   1.7440351    0.88143921   5.15284001
  -1.19555013   0.93902635   0.19233413  -2.70459637  -3.46153808]
Axis 8:
 [ -1.46761829   0.2644431   -1.87615541   1.40302811   0.17503821
  -2.26438292   0.23708047   1.0964242   15.600113     0.51427601]
Axis 9:
 [ -2.05218282   4.43047513 -17.15448593  -1.9096683    2.29189831
  -9.94121334  -2.39840331  23.75164367  12.99080459   1.32867561]
Axis 10:
 [  2.23392354   3.48360069 -29.32287574   0.984515    14.51814307
  -3.11647389  -2.49301008  11.62231476   4.64246744 -11.68367874]
Axis 11:
 [  9.47380495  -4.37169399   7.71687108  -5.14498418  -1.93048074
  13.81341089  17.68426006  -7.24496583   1.91302956 -14.36366682]
Axis 12:
 [-14.80369277   4.45930539  -0.17150741   1.53522389 -10.06177338
 -14.09615532   8.97928462  -8.93808868   6.98963327  -4.46754842]
Axis 13:
 [-20.89267418  -1.00711636 -10.61856808   9.92734899  11.32186405
 -12.30993908  -8.13651707 -11.55029945  -7.72726872  -8.08639935]
Axis 14:
 [-12.76586488 -26.42827787   4.38271117   4.76133042  12.08155322
  -0.06946399  -3.58763714   0.62130311 -12.73899306  -4.47568846]
Axis 15:
 [  0.28306064 -35.73863336   2.01852582   0.19987749   0.35281366
   1.12806046   0.54411714  -0.08763141   1.68985142   0.20492357]
Axis 16:
 [ -1.29901698  -1.13724155  -0.65805638   1.60091366   0.70569242
  -1.07709185  -0.58178241  -1.88440542  26.76662295  -1.04695853]
Axis 17:
 [ -4.03679587   4.69850246 -17.15349399  -2.63250431  10.16139003
   7.87370111  -2.57489314  12.70093376  20.80790876  -2.54726247]
Axis 18:
 [  3.7120305   -0.6696128  -12.14292574   1.27059549   9.6279537
  28.39083594   6.50787875  -2.03039387   4.75551809  -4.92295494]
Axis 19:
 [ -4.13332876  -0.47795604  15.91433596  -3.35629009 -13.15058846
   7.52926983  22.38495066  -6.4376272    1.14726855   7.84621422]
Axis 20:
 [-13.52052801   9.09153434   1.23526816  -2.66390795  -7.53905039
 -27.20794035   8.58647231  -1.21872158   7.42657957   1.66477246]
Axis 21:
 [-17.50225981  -1.21690858  -7.74871723   4.90847072   3.83736015
 -11.13848696 -14.52342664 -19.78107652  -6.00908955  -8.85202633]
Axis 22:
 [ -8.75380779 -26.27519794   0.93076586   2.74626668  -2.74674274
   8.73074284 -11.5586548   -7.97217454  -5.30714357  -4.55527512]
Axis 23:
 [  0.11633373 -29.71699557   3.35829258   0.42704843  -7.05836335
   2.68519226  -1.99348483   0.14692116   8.29482652   3.52591484]
Axis 24:
 [ -1.26775291  -0.82159137   1.40161259   2.096421     0.95751303
   0.96433965   0.05171243  -1.65110867  23.07138824  -1.67256055]
Axis 25:
 [ -3.57978705   3.82313697  -1.3534875    2.2834752    4.35706344
  30.11468086  -6.78749457   3.26776687  13.5791346   -2.71294935]
Axis 26:
 [  2.64167492  -0.1853051    4.8702324    8.34078955   1.89507725
  33.00615734   3.08267738  -0.29446794   5.700597     4.86970576]
Axis 27:
 [ -7.86195515  -0.77131579   5.08835845   8.56845924   2.61549237
 -10.08738601  19.56359064   6.07849236   3.9960293   14.8075523 ]
Axis 28:
 [-13.22848744   2.48793313   4.31894227   0.38762553   6.48378891
 -27.42141795   3.46264812   1.88614981   4.83769439   5.64842492]
Axis 29:
 [-13.49480988  -8.2440105    1.37004338   3.24992575  -0.61243161
  -1.40955883 -24.14274481 -15.9167881   -3.45751549  -0.49052214]
Axis 30:
 [ -1.43800679 -12.77447458   1.23640723   6.10990586 -10.22347171
   9.45676364 -22.37836714  -9.36674395   0.28308593  -8.14527411]
Axis 31:
 [  0.41404894 -20.11750412  -1.36870609   0.60182679 -13.79444756
  -0.9945065   -0.30534491  -0.07186738  10.343629     0.09369056]
Axis 32:
 [  4.31206871e-20  -1.11125928e-19  -1.89987140e-20   1.21346215e-19
  -6.32706894e-20  -1.18170847e-19  -1.51026625e-20  -1.13576049e-19
   4.86783982e-19  -3.37912765e-20]
Axis 33:
 [  6.12041628   4.74126109  10.43041816   6.48079299 -15.20201018
  26.54658175 -11.68425751  -3.90448295   0.33000977  -5.8171511 ]
Axis 34:
 [ 14.97893098   1.31118848  17.90319042  13.7255762   -8.04725713
  20.73129104  -0.69563508  -3.64221416  -0.39738447  -3.75310057]
Axis 35:
 [ 11.21699799  -0.56921843  22.49189848   9.45302952   5.08407131
 -10.18756333  14.37213045   8.59452007   4.70870247  -3.44266553]
Axis 36:
 [ -1.22331842   0.09390385  25.56201959  -4.15292059   7.38909738
 -11.68578642   6.34354484   4.81673394  -0.51196344   1.13517342]
Axis 37:
 [ -1.43916673  -4.1913401    4.05304015   6.57846265  -1.89462755
   7.17133098 -21.85631258 -12.02822317  -4.94894927  16.05083573]
Axis 38:
 [  8.72892499e+00  -3.38923921e-01  -4.88142201e+00   8.79280353e+00
  -7.47511166e+00   7.78503301e+00  -2.42382465e+01  -1.32507420e+01
   3.15884802e-03   2.16249347e+00]
Axis 39:
 [ -2.19405573e-25   6.39601118e-25   1.80743294e-25  -7.14825831e-25
   2.80267510e-25   6.13819195e-25  -1.07820911e-25   6.93495821e-25
  -2.50905938e-24   2.29174300e-25]
Axis 40:
 [ -2.35321542  -2.1747739    1.75892454  -0.43304603 -18.08269622
   2.2216785   -2.9490877    1.27782562   1.31214289  -1.64086974]
Axis 41:
 [  4.03938404   4.79558675   7.20068546   6.31955935 -24.9252653
  14.86821657  -6.74802781  -4.76300074  -6.73328035  -7.15766615]
Axis 42:
 [ 19.62927395   6.30522579   5.84675898  11.83181376 -16.43367648
  11.5042169    8.39929988 -10.90348468  -5.8148016  -10.09435388]
Axis 43:
 [ 12.44876835   4.23162994  24.19829319   0.98995507  -5.64632242
  -6.48849577  10.66721262   4.44873771   4.38446235 -16.73896244]
Axis 44:
 [-13.62925109  -1.60777209  27.90682528 -10.5936787   -1.2548558
   3.64136194   6.71480918   5.2787282   -1.72224815 -12.60225856]
Axis 45:
 [ -9.43480697   1.22324366  -8.85703164   5.89087752  -6.08444588
  14.98590907  -2.09919631 -11.71107351  -8.05260494  18.67878282]
Axis 46:
 [ 21.57269077   3.7362432  -15.11908336   4.33194386  -0.37288661
   1.80650551  -6.88829013 -11.14017048   0.11952887  20.33265994]
Axis 47:
 [ 13.75078829  -1.77533823   3.58119018  -4.94933953   1.73115954
  -2.70702294  -1.55499937  -2.61697728  -0.75816553   5.80972961]
Axis 48:
 [ -2.46799635  -8.1131559   -3.03172495   0.33731618 -20.06459854
  -1.78010268   0.4697377    0.39150053   4.04275356  -2.84147649]
Axis 49:
 [ -1.78213279  -0.70889531 -11.44197653   5.31235181 -23.8586028
  -2.10315379   5.04061152   8.86923896  -8.83940461  -4.34807722]
Axis 50:
 [ 14.81419119   6.17821203 -23.73770229   4.63777314 -11.95314964
  -1.72693164  13.44320387  -2.28276624  -6.13892554  -8.85139141]
Axis 51:
 [ 14.48164178   3.09670502   6.35070737  -6.87924015   0.93784935
  -4.75494065  12.3198199   -1.1377061    2.74593046 -23.8703259 ]
Axis 52:
 [-20.33702454  -0.67780566   8.10871818 -11.03520857  -9.81304928
  11.92168158  11.12284186   2.1652116   -0.81894139 -11.02833414]
Axis 53:
 [ -2.56708218   5.76533285 -24.58859801  -3.26186864  -6.4728113
   4.49667409   7.10153274 -10.58524629  -3.05320234  18.84661629]
Axis 54:
 [ 23.53043386   3.56597799 -11.43969478 -15.58947674   1.75919761
  -5.54088314   2.96178697  -4.37379459   1.99385022  19.03827623]
Axis 55:
 [  9.15379905  -0.55873836   3.03579101 -29.45522735   1.12930984
  -1.74632179   1.05751287  -2.03459101  -1.3494605    3.74478627]
Axis 56:
 [-2.91165251 -2.26244635 -2.10494041  0.13497524 -8.43402384 -1.4831868
  2.84189763  0.1230347  -1.4046318  -2.73627816]
Axis 57:
 [ -1.01349988   0.38144688  -7.71355252   0.65296634  -9.479943
  -4.62687331   1.6768385   31.2339768   -4.6964611   -0.14459476]
Axis 58:
 [ -1.33321864   4.02577938 -19.70858609  -0.42696552   2.46326702
 -14.74245864  -2.33890294  27.57704081  -1.62085658  -6.03622193]
Axis 59:
 [  7.80819022   1.27937921 -22.75328873  -3.79643955  12.37269779
  -4.41884229   1.75260201   7.60852245   1.54825571 -15.0645786 ]
Axis 60:
 [  3.28483328   5.24358385 -14.90261616  -6.84944049  -9.68589392
   7.15321939  14.15956122 -13.01135103   3.77224597  18.65012491]
Axis 61:
 [ 11.577489     5.43423958 -12.03525436 -15.51453488  -3.00864539
  -5.97214641   9.11538554 -10.18136076   0.85339208  22.65832179]
Axis 62:
 [ 12.04781825   2.10537272  -2.83604102 -31.67848841  -0.08844252
  -6.60950804   3.92132266  -1.08092909   1.91853595   7.3300228 ]
Axis 63:
 [ -0.53985729   0.81597863   0.28565091 -34.72331214   0.57114173
  -0.73022541   0.22932403  -0.37817426  -0.09218202  -0.87882103]
