PCA Reduction of Digits Dataset:

----------------------------------------
Length of 1 input vector before reduction: 64 

Length of 1 input vector after reduction: 64 


Component 0:  [1.2148273660869478e-18, -0.1822339165168937, -0.28586799716663036, -0.22036966917685552, 0.025169559066164526, 0.009497250406375612, 0.0524764974831633, 0.06269499281797315, -0.03470727244780909, -0.24553368400197584, -0.22915173688842871, 0.10794381235224379, -0.036202091703408386, -0.038711594622663145, 0.08378077336393346, 0.09277502041273214, -0.016699341959746733, -0.13671649688047063, 0.06305075471860146, 0.12287926686574904, -0.14819347935100305, 0.02348424643339977, 0.171199701525946, 0.10420837290923532, 0.0039488184812838745, 0.11638969982740262, 0.18820473247891398, -0.06586040103416459, -0.14353256881201404, 0.12820704903744168, 0.18062074903508551, 0.05270916673865366, 0.0, 0.23890251355494618, 0.23500613052239, 0.005091373596624302, 0.01310880821980106, 0.15911618151624504, 0.12939416314464222, 0.0, 0.05559906034740457, 0.18715706916434083, 0.15353370995596982, 0.04682572255584471, 0.11089271503800904, 0.10720947330036402, -0.0179265180998305, 0.0022727099926077056, 0.02881728585211051, -0.040868004374009274, -0.11027067577273936, -0.03182439874732622, 0.07904945058466568, -0.06832147359600946, -0.1212470662836155, -0.04877119416590577, 0.0018358590848681726, -0.16039568825763884, -0.27985301361890036, -0.19444929496454244, -0.017773814268963642, -0.10319800085959319, -0.11981060416822584, -0.07149361628883366]
Variance of component 0 : 0.120339160977

Component 1:  [-7.624335403020121e-19, 0.047027007634919404, 0.059564795304490714, -0.020803851133218337, 0.15590315641009495, 0.2741329868351339, 0.24973250592972918, 0.14583206987502406, -0.0010272084381981461, 0.027619089807013927, 0.014504735041460264, -0.09225537144297263, 0.05729170329626964, 0.21410852407860417, 0.26653584677710285, 0.13699943257660224, -0.00733687288299266, -0.020140348844849214, -0.11844132671783333, -0.08408699416567454, 0.07684583723873709, 0.15949152660416024, 0.14605981619440556, 0.08083711634705193, -0.003884370562183521, -0.06552741110046406, -0.11263765163124421, 0.05368068393155952, 0.16490376897715425, 0.1377383818925744, 0.05610399727460476, 0.026706851347162063, 0.0, -0.11768140517643882, -0.10539515881687306, 0.058894278766625015, 0.1161102671162472, -0.005210699327669446, -0.07934641828563749, 0.0, -0.023676780339909286, -0.10434600501508032, -0.1891536510595898, 0.009126992939157771, 0.1488858899379057, -0.09076340378249796, -0.24058321124381396, -0.07869054582108405, -0.010040249127092568, -0.035273965301210804, -0.1856085306293145, -0.0395301775189317, 0.06234747272628567, -0.19312254128882236, -0.2577515245512401, -0.11500205234545834, 0.0048825135108361015, 0.04449785863937448, 0.08139985282024147, -0.009904904276293354, -0.25193394644900063, -0.2426177769446584, -0.16508926197535975, -0.07132923700444388]
Variance of component 1 : 0.095610544031

Component 2:  [3.568802260945309e-18, -0.02358821427163882, 0.05679874566211629, 0.040463831039731446, 0.06706529920506704, 0.09108975369693809, 0.03757845589099512, 0.022546048641653604, -0.0028126483262963797, 0.0506422781098899, 0.1727344767265269, -0.16698283512214057, -0.06918751119716773, 0.17992502226369098, 0.07226110895853897, 0.0339804342841174, -0.008953559000719553, 0.1066146790147435, 0.10778239990582901, -0.21158892074252036, -0.12336921525320418, 0.1857199786860847, 0.14193652664104486, 0.026414655425000856, -0.02014831590405462, 0.09747310186329329, 0.04297511535768081, -0.11485460929672088, -0.07874164191939824, 0.19837866964337855, 0.16243626551357382, 0.012223066179665976, 0.0, 0.02598973712874696, -0.07862189261383168, -0.2774810566692138, -0.24772801286802631, 0.19664918289645972, 0.22064611874561146, 0.0, -0.014632797527096364, -0.007480321598667006, -0.08709141157295817, -0.32314550839019346, -0.26904394280320576, 0.19777645810383945, 0.1889781464228325, -0.03210331717061536, -0.0040216710077494305, 0.016474945712353965, 0.045160461505490516, -0.21864367546455815, -0.13053432544432098, 0.18788926688371954, 0.023179402190825253, -0.10299263103545396, -0.011547430591969431, -0.03389505223396307, 0.051272836785970735, 0.08346395386183135, 0.06245528782674052, 0.022279524269098457, -0.10036558624086343, -0.09244588650551405]
Variance of component 2 : 0.0844441489262

Component 3:  [-2.3842236292759953e-18, -0.17815308081047074, -0.15612851796786087, -0.16779985588334162, 8.9085464486105e-06, 0.0005191940043296484, -0.04369940531042621, -0.008749051512592976, -0.01440146609427223, -0.12404164730642575, -0.1990845971786373, -0.11790597176600531, 0.1263975991123342, 0.10084511192147698, 0.016702084652154517, 0.005412566936673599, -0.024833473302442673, -0.1765178730638982, -0.21139210513550857, 0.10340642095595633, 0.20268635900543414, 0.14829879668832865, -0.0035516260750987315, 0.00681838656133203, -0.035204882772859825, -0.22345711777677987, -0.17755198106656742, 0.11978493530813726, 0.214040791830204, 0.13227836340091353, -0.06898897082845311, -0.011532381741088175, 0.0, -0.1901767523721252, -0.17241387628291374, -0.04394238935920455, 0.10737405066880659, 0.13623408198473358, -0.012971455865478265, 0.0, -0.02952125447117072, -0.12283414412341849, -0.14005522849295543, -0.10611376379465359, -0.01672077932134047, 0.1165179648639555, 0.10035935674100015, 0.05987528650019964, -0.022171494410627216, -0.10415102154892698, -0.12566004402127146, -0.1331106596239896, -0.05008543157618214, 0.14858785001996813, 0.15743991466799787, 0.13034633097329343, -0.00778846257021227, -0.1864178346065962, -0.16548757076676598, -0.17148950071041236, 0.15443751064029984, 0.25243238376749255, 0.16072025220077268, 0.11818047705000832]
Variance of component 3 : 0.0649840790752

Component 4:  [-4.198298085067164e-19, -0.029978187514858944, -0.014665700174983594, 0.04371582580271328, -0.13999299178680819, 0.007988360931746805, 0.21122151435493558, 0.2818177065482212, -0.0006307163694612983, 0.006787674734872184, 0.056381880003428475, 0.11365563854284344, -0.21694300398808647, -0.1534612370504306, 0.1909277714256959, 0.3167319692337722, 0.024821171899539807, 0.08622209522895269, 0.1474665302766622, -0.038483171200797396, -0.22480211653536758, -0.15564165320734916, 0.1545473690655246, 0.236828334812474, 0.02062226605255556, 0.06532378959904997, 0.07358126952678257, -0.05987816746508054, -0.10104236744722489, -0.04664450738264216, 0.0005131973377224011, 0.10220321154067939, 1.262177448353619e-29, -0.09076082736402581, -0.04704579328473712, -0.0008559374706409959, 0.039361372170929866, -0.01124293785550592, -0.0644793202658167, -9.827960320897302e-32, -0.08587489678152206, -0.19954367238547374, -0.15746961233529397, -0.056887549082838225, 0.02142582057503871, -0.08265838797646095, 0.041033374342144144, 0.11066068106461298, -0.06164352635291504, -0.18521406886698633, -0.11952963517272347, 0.04054869136487012, -0.035166535435149804, -0.05110995837366713, 0.19244819912231495, 0.24896191336337428, -0.05123840664390546, -0.03918230388811149, -0.033453846825890206, 0.10037460362479299, -0.003774455913582143, 0.09473784935633228, 0.24402551392697094, 0.2317046876732158]
Variance of component 4 : 0.0486015487597

Component 5:  [9.610984719773788e-19, 0.23172251930027, 0.1198750489617639, -0.10039192019265376, -0.09347064284536027, -0.08220516571754935, 0.0301898388181137, 0.1578738238175391, -0.023337611556007304, 0.06501397106920168, -0.10118775395470628, -0.018921914814248198, 0.0807569930143448, -0.1116239215837771, 0.06990156824786786, 0.2439603363670007, -0.06466241368702562, -0.11341689159734578, -0.13098957145179038, 0.1382193859125626, 0.07446798734009652, -0.08398229405888569, 0.16475564223774017, 0.2654548476188309, -0.06990741322415259, -0.15037174786985527, -0.08991612376362355, 0.06078821193029414, -0.03207705658444724, -0.020914096418970154, 0.09096208133288973, 0.2811203512897629, 0.0, 0.005851032246636652, -0.051122536395647455, -0.0797605348366593, -0.09865054199318424, -0.02011038834889086, -0.023315389986057672, -3.2094466965246653e-29, 0.2068281775962737, 0.1629590543544529, 0.040602111628536504, -0.045867749200110365, -0.017826502917848572, 0.07578860426490036, -0.030880432777405698, -0.02592479264868277, 0.2858632859633158, 0.35908507589697364, 0.14966335741334708, -0.08782452912774205, 0.12190752875176937, 0.11716976788591209, -0.00041136829177557414, 0.0040103470810943335, 0.12662227061469097, 0.26049712368926364, 0.10975234574785522, -0.08650282943641699, 0.1118317116068537, 0.05775609958904798, 0.028956924220008177, 0.0163179839577054]
Variance of component 5 : 0.0421411986927

Component 6:  [-2.7419547160587136e-18, 0.10830958385700962, 0.004754978321897113, -0.2337173145193048, 0.039539710209057, 0.14597887761819864, 0.03635554661637458, -0.09810486541463032, 0.07824766153529605, 0.12426630660268623, -0.03701387243656963, -0.041484631142733985, 0.020494015269775206, -0.08083571416594859, -0.028936111750084315, -0.04695092139910839, 0.1042534760109404, 0.22386319833219748, 0.17637080082311268, 0.20431163371744815, 0.015419652663542756, -0.1819912316075198, -0.07423809934519035, 0.006655388355208491, 0.1018679697884954, 0.26219933819764707, 0.27788877678762697, 0.25663138670461455, 0.03112925674140895, -0.1263663220107478, -0.17412171545563554, -0.022513133320267133, -2.5849394142282115e-26, -0.002540509866354542, -0.03288661761791338, -0.03354625570800998, 0.006201838520461177, -0.014274712725058635, -0.19049973695046835, -1.5702646096973562e-28, -0.014384627248433523, -0.09930408684701404, -0.19678578416713108, -0.16914308667390035, 0.08155175728577235, 0.20503862194558217, -0.08757676264879634, -0.10996422718534231, -0.037487046595542375, -0.04373934549887609, -0.174762078388711, -0.2503579057885365, 0.19671792478923966, 0.1559018679613524, -0.08106304028224545, -0.08312012511325334, -0.0161967418703178, 0.091563440550521, -0.014836964136466759, -0.13531871030254022, 0.17284760470042917, 0.03215529707863418, -0.07761169605233027, -0.026421749490400492]
Variance of component 6 : 0.0394208280357

Component 7:  [3.3710115501275694e-18, -0.1255241330276122, -0.006178196382506551, 0.03340818416342564, -0.04616122556768876, -0.0803286116922939, -0.10675100933674597, -0.0800316707593331, 0.021871681188438713, -0.024171699653464995, 0.07947047788545114, 0.13875606338802907, 0.17743801582263657, 0.12614896214264915, -0.040761371846681646, -0.07472459030885314, 0.06474116469256644, 0.12632392459482572, 0.11024921177325238, 0.02963296980789621, 0.08760262677303245, 0.21113678368262445, 0.07988447655413267, -0.0574894619887616, 0.0547892583193109, 0.13050643817028462, -0.05354596508359143, -0.2211983958725463, -0.052918083447594765, 0.11906123627542252, 0.08893974817665584, 0.010882827507940765, 1.6543612251060553e-23, 0.050297367895375145, -0.17400783656898408, -0.2929317251963833, -0.11432524313607142, -0.13039038359773938, -0.04812258412196188, -3.2374851550270324e-26, 0.07568394513210663, 0.0662037921219619, -0.07998394076434391, -0.05147775764584548, 0.20262126369152203, -0.015778810198351045, -0.2560131371973959, -0.11702971866892782, 0.08443563740068795, 0.024676803539292087, 0.018555625125361498, 0.12985125539529416, 0.3670362843036279, 0.0533899612881143, -0.13089772544783934, 0.1784543669364193, 0.057207677654810614, -0.11013346306028388, -0.04082656520865969, 0.09885232396089828, 0.05506667149925976, -0.03426482266928087, 0.16448430880907175, 0.3509635115275602]
Variance of component 7 : 0.0338938092464

Component 8:  [-3.1818505937295397e-19, 0.21381973794425946, 0.12013994570265726, -0.10189541421287235, -0.09310197620971553, 0.06398739197720599, 0.03802143783874686, -0.15818617518914804, -0.15070029948533725, 0.017302373842482628, -0.11048749328024496, -0.1927349039094473, -0.21720906437862306, -0.11218129670222489, -0.019355046425953457, -0.19475439067957356, -0.2700261181228444, -0.10015580207549485, -0.135404250842685, -0.10018525033170364, -0.1205542207169408, -0.08317815636014493, -0.04700020405490485, -0.17276182033854748, -0.23128087336750958, 0.020747797778781607, -0.022240018128096978, -0.16896625821292552, -0.07479875932802597, 0.06807193911748648, 0.027667475790849213, -0.19142413032520383, 0.0, 0.15095821347684493, 0.01351720974664088, -0.11769317448675028, 0.0901128150247827, 0.16737577115574523, 0.0587952144394206, -2.266474878395296e-22, 0.041330856156831706, 0.13231005285283823, -0.11743548104185919, -0.05048153617959207, 0.1526906465884533, 0.04380651780894885, -0.03940390003506528, 0.04039023837934053, -0.08531599061445523, 0.01899307983522215, -0.2044305620929572, -0.14770794650450556, 0.04644130586964961, -0.08324542133796324, 0.02658011248168827, 0.1881842054835214, -0.03409730369957454, 0.2145508836002189, 0.11536380264459696, -0.1159783358638375, -0.15420977836601815, -0.02714097405074517, 0.14424538518866312, 0.21966935222623185]
Variance of component 8 : 0.0299822101163

Component 9:  [2.1417479318199118e-18, -0.05983444037108482, -0.007680805850173611, 0.021638913153637362, -0.005065733739713668, 0.1641218144337562, 0.18789247529879127, 0.06533968824502448, -0.20488259445177298, -0.2087224372899442, 0.05750274250142875, 0.17016159856198684, -0.04383610671982614, 0.14672021988692863, 0.20078681499750345, -0.013481979909721886, -0.3505377610924841, -0.19829162759235952, 0.17200510916705627, 0.11189880979128222, -0.12101216312402308, 0.0373908443700639, 0.018169133335181137, -0.16111317214721413, -0.2944835513557165, -0.12788889758754374, 0.03969488879519838, 0.07296138909965738, -0.10008183960830863, -0.13455812415322566, -0.18533647898532926, -0.18937870338975435, 1.3552527156068805e-20, -0.1143076064025057, -0.02490723091503176, -0.03403680251277342, -0.04299390552598969, -0.13173062687649437, -0.19447268750305838, -9.455708377246798e-23, -0.11250962168318433, -0.029638420533070024, 0.13054262056570384, -0.08080900590825564, 0.01319402804767968, 0.1496574810173429, -0.045886272274475545, -0.045277772954248945, -0.11416803750887719, 0.10075179797941919, 0.24148838569315625, 0.06312774050585077, 0.11414957294340775, 0.16913715359002052, -0.03939077714045557, -0.02679256804904084, 0.023696045525411175, -0.009629669892917983, -0.013371407680597752, 0.1058245995802287, 0.10035309304243235, 0.036675181570835144, -0.057176011255857286, -0.02919667493297009]
Variance of component 9 : 0.0293200255125

Component 10:  [-1.3718523297317995e-18, -0.04994084867268517, -0.14754034463777244, -0.15550494212855717, 0.16347214278963426, 0.2771352161373112, 0.15156969904563847, -0.043603638370213596, 0.09520369488717828, 0.004652288274631239, -0.0208036666261915, -0.10464265223023272, -0.18653824321006718, 0.15663606667216196, 0.13320259790774425, -0.14338935981088974, 0.1520653153408345, 0.11096576282327085, 0.03041444326165421, -0.15909327268156226, -0.18137050850448633, 0.037539094220678415, -0.06313689547203001, -0.19352480473589898, 0.11495416295727953, 0.027635487730924335, 0.0021059950805338845, -0.12009989345584995, -0.06821855700712728, -0.09078035700729511, -0.16018986598706972, 0.06827829224396337, 2.168404344971009e-19, -0.0731479832009746, -0.03334328289155099, 0.0009626282929271964, 0.04934779134889014, -0.09151578843385093, -0.12179717223295984, -3.254955710396164e-22, 0.23174431285751645, 0.0698217155183992, 0.043774614603959906, 0.05735927609256241, 0.0007646644854871258, -0.06328588736037204, 0.006977822460054718, 0.019707783296751245, 0.368075265106755, 0.1979941742710373, 0.04896633073123066, 0.06128415553413955, -0.18502006453751108, -0.05846173735426982, 0.09554947698597437, 0.03019302681492404, 0.2954183475147911, -0.001958478616331428, -0.12355355642821203, -0.12120120123186956, -0.025181931718633147, 0.16286366391266668, 0.15014351792446373, 0.014655633800036984]
Variance of component 10 : 0.0278180546355

Component 11:  [2.339596510376191e-18, 0.20425429764709263, -0.04457049543414961, -0.18856789337477797, -0.059178019325705156, 0.02545351846944044, 0.10895462889814406, 0.12204527215388594, 0.15715130815597983, 0.09465963401167139, -0.11838779714007935, -0.020761685992123233, 0.11942269462968924, 0.06817632237400278, 0.13779149316200429, 0.08204569920268939, 0.26152159073555453, 0.05009647742602352, -0.1179685125338886, 0.023397430598624966, 0.023323976300626492, 0.06922316157608323, 0.10076553071757753, -0.07542733008859559, 0.19801267671549613, -0.06081015492663164, -0.10098548991843023, -0.17760901745100025, -0.18226266243026926, -0.011712322470299474, 0.04127643625326002, -0.33303909357504385, 1.0842021724855044e-19, 0.010624037276633445, 0.004821816164213911, -0.08303886298828833, -0.17352202520079327, -0.12328794625990461, -0.02855669965413773, -6.5016396146667975e-22, -0.22123831842192337, 0.07747522905534522, 0.1705386289567468, 0.07689146814543266, -0.034734596379814874, -0.06646898988607616, -0.02963901241331714, -0.06755713677492806, -0.3795743719958123, 0.003199114559684911, 0.12421573889446648, 0.01165074500038498, -0.017030022417558098, 0.02711206058347968, 0.041844600581081574, -0.043168666577191865, -0.12607264109952734, 0.19067759154406871, -0.042770140604573646, -0.23665521950850835, 0.01669691438201258, 0.13408273380907654, 0.11050894378574176, -0.02999905087259002]
Variance of component 11 : 0.0257705509258

Component 12:  [-7.657105798756272e-19, -0.13380130926123018, -0.03157404166447438, -0.064244232471243, -0.07351292098937898, -0.11846747381002487, -0.18038863782393671, -0.008875107981893733, 0.05016622479784595, 0.0472837772646716, 0.028620429279805765, -0.2582768738052618, -0.21504348098240905, -0.01981333495217215, -0.052938397791955, 0.08589795945216419, -0.1469802040054877, 0.060916307717062974, -0.061905721075371636, -0.23734577268817234, -0.012440666277006768, 0.03282559702254548, 0.08003812845611075, 0.1911484021320201, -0.19066784811323717, 0.047220772322555005, -0.07177673450558086, -0.1576981373445869, 0.0027774962590861596, -0.10166799521356315, -0.024369696836117588, 0.10876610227775016, 2.7755575615628914e-17, 0.0732596391987984, 3.949755539658928e-05, 0.08222992388224053, 0.13918660093497504, -0.15545595698155257, -0.26915544096539956, -1.3383120566617945e-19, -0.006409404114502212, 0.06409638441184286, 0.07737943088157782, 0.014639768151251946, 0.040615464884226286, -0.015251713059091628, -0.1822954484961827, -0.4564841848998791, -0.08056004516225679, -0.06646324802372724, 0.07816679916052868, -0.14238584376980587, -0.10948957063414541, 0.016035571210565744, -0.03659237907898496, -0.25122644758360846, -0.14404961135287533, -0.16218508367517787, -0.03792574792831226, -0.042706065426156195, 0.1023892119898056, 0.11494817360825017, 0.0665901610679914, 0.01996464373981823]
Variance of component 12 : 0.0227530331576

Component 13:  [6.691558730389188e-19, 0.041486594075455414, -0.03860853840292588, -0.18351258469710055, -0.1589890333492422, -0.03323578332989316, -0.049748077470013516, -0.0853904016579406, -0.1411243939251329, 0.016569556931470317, -0.01587103409328469, -0.06046921038664696, 0.07692071247601817, 0.05729802095409535, -0.04830214917146353, -0.059267935634298934, -0.27200327590173234, 0.16566691754467455, 0.1723339627406931, 0.08696791848165114, 0.09179296018864355, 0.14151926279846555, 0.05263343128358844, 0.020391116974345896, -0.21596265931976433, 0.11732598232897737, 0.21634524765097715, 0.1936545470759905, 0.05231062383897342, 0.1590181682893992, 0.19310570872058186, 0.06651380455013656, 5.551115123125783e-17, -0.07688903937526682, 0.03588939177163136, 0.022654564643123973, -0.2668931632613018, -0.23875545556732508, 0.027828325293862824, -3.4558944247975454e-19, -0.1078067073908307, -0.16539739469282239, -0.03545796099306706, 0.03553418834660106, -0.1343998406924622, -0.34289134010350575, -0.06420074598326134, 0.07303086381890771, 0.04634321844888732, -0.019521942215382254, 0.06999733046802206, 0.010257803740526372, -0.18173929383789938, -0.1499594359727356, -0.007405512025610643, 0.02348333524765693, 0.10554630869552656, 0.05487944970616238, -0.0455702681560074, -0.26249408612644615, -0.1159113000578012, 0.08142293498487946, 0.10289866180394887, -0.016670780593174624]
Variance of component 13 : 0.0222717973951

Component 14:  [-2.95238927825468e-18, 0.13081802330599765, -0.10030902625297133, -0.04455238677308143, 0.2999571779409745, 0.09299140092044597, 0.0028540502293266934, 0.07977733077532222, 0.05574271946410364, 0.23956079356790855, -0.011833018709665188, 0.17043841148133165, 0.3106785597018958, 0.06795622086832181, -0.05040545548722934, 0.10101950100660523, -0.28386224986661895, 0.23938988556421215, -0.013831922385564355, -0.09027591569079076, 0.059755244841372956, -0.01432867183144191, -0.08933052991599061, 0.08099397996141325, -0.336941020766589, 0.11567677181333888, -0.06386530858072986, -0.2625640785564205, -0.0499155817011732, -0.04907643490603147, -0.07085212136838755, 0.07748793291519644, 1.3877787807814457e-17, 0.03673758860478505, -0.023454451225782554, -0.011301444185825385, 0.12121203686536576, 0.09902781675296907, 0.10367856452522128, -6.437450399132683e-20, -0.013267561045213885, -0.028090208891125915, 0.004450079322475178, 0.14221754394403613, 0.04620904211110844, 0.05487962103596822, 0.1562490828999657, 0.012571190681665437, 0.026145505241054495, -0.16652079311855122, -0.10367153792243454, 0.21661502122351603, 0.13738107626992863, 0.07612465743848892, 0.15638695462923324, -0.08223250911374759, 0.03368444459669087, 0.08355817156688085, -0.07762697639925202, -0.08115293983307661, 0.04767421304355249, 0.08699303394116814, 0.03515169996111117, -0.14106367428450003]
Variance of component 14 : 0.0216522943185

Component 15:  [4.163013218372305e-19, 0.08202736505515357, 0.022454786014844047, 0.07424415956505112, 0.2915981778927657, 0.10051451151295519, -0.1291653987855149, -0.22232746082511412, 0.36604831098950386, 0.10166900586497714, -0.0008869599916158342, -0.05529689810124918, -0.09512429383019216, 0.17380302646329965, 0.04234211419913838, -0.09320883522789589, 0.005805136686572676, 0.0012516430787902627, -0.07022899749517023, -0.005243087921549705, -0.1428860043420136, 0.13504409068374457, 0.20881564987254247, 0.13486345702110883, -0.15446825663920993, -0.04978685652948435, 0.055496689488964385, 0.1679690263318689, -0.0392567561150306, 0.03446041808303357, 0.16521786343314315, 0.08318718541460357, 5.551115123125783e-17, 0.01699504494165638, 0.17726966203784947, 0.22301801470840035, 0.04855776111850813, -0.12764873995247555, -0.04464660600690459, 0.0, -0.010543131508402886, -0.0029948817647936256, 0.13011265012105933, -0.013851686615566324, 0.08272189576813797, 0.05550770139822438, -0.08683980610531408, 0.3412654266739515, -0.07335297038453897, -0.014692855246662223, 0.0998629050573531, -0.07704932126462294, 0.07764451685757856, 0.08228271641901039, -0.03249479311274396, 0.25668662487666344, -0.1884637677547861, 0.030888764492328347, 0.019671862087528063, 0.07429123624409276, 0.15182503660744662, 0.040486383348820834, 0.049091515835776846, 0.06982329322095523]
Variance of component 15 : 0.0191416660644

Component 16:  [-7.971287074138725e-19, -0.17182076226276863, 0.018187804421776272, -0.024538724167754475, 0.043591869582333916, 0.09948137915264105, 0.18725505080511798, 0.22261781582958734, 0.18174638103812962, 0.07308763855713148, 0.020165695302744473, -0.10484263732371245, 0.07268011709625509, -0.02742297096680693, 0.017425118674047474, 0.08257029624786272, -0.06556392180084447, 0.08374289894742423, -0.02807583233933661, 0.06955104479569274, 0.17316286475473897, -0.13571465440874392, -0.14285727836609166, -0.1371881463992526, -0.1795928678766462, 0.04001819714483265, 0.04012788501574127, 0.136551377655089, 0.065552360196955, -0.13177836121813058, -0.06259424888103005, -0.03389631283018686, 1.1102230246251565e-16, 0.074227300051315, -0.041776437650743015, -0.16489216205352317, -0.18502086190717296, -0.07391371782802231, 0.08303185467904425, -8.673617379884035e-19, 0.38969307337888187, 0.2397663383099446, 0.01888471560188507, -0.014014491761801404, -0.04280441972623097, -0.08603965418017318, 0.017104652464309214, 0.09323887544220555, -0.059233502035068414, 0.044087189365145434, 0.05177683753132935, -0.024180908558429443, -0.07670878186602319, -0.10507891574153926, -0.03891098539171342, 0.0871949550663505, -0.45675223679592475, -0.24845103477320477, 0.025411799744019747, -0.01329195852545429, -0.06854911022989546, -0.03405310971004915, 0.028388501062075237, 0.05504705991974284]
Variance of component 16 : 0.0177554708517

Component 17:  [-4.1987029381562264e-19, -0.0657223514423038, 0.016911110607431504, 0.010329537510721423, -0.3298264939781099, -0.14835008856204343, 0.06562717659802002, 0.1464078921715525, 0.5468405107606696, 0.11171168903755083, 0.0658438844039718, 0.01376616425087588, -0.0926717578011387, -0.05790697434163149, 0.06093740529284959, 0.058290174243007004, 0.006833500362837655, 0.062378655899403244, 0.1466787467973678, 0.020496771915675484, 0.1020601278662989, 0.11436288089052749, 0.011813919459180037, -0.097336334783441, -0.2636961053574595, 0.006253555125481383, 0.08778034074927978, 0.029228174396049356, 0.2124272276466831, 0.15513744968784113, -0.07100073411542834, -0.22007340821485, -1.5265566588595902e-16, 0.05848319380815659, -0.022366027537627026, 0.03388346839537848, 0.16055850582429776, 0.15318371661946445, 0.03302758971908936, -1.3877787807814457e-17, -0.08521280567495808, 0.0864621703943871, 0.05080623254080896, 0.06096703409504306, 0.07627317235588803, 0.05607918245577224, 0.004862831807673614, 0.04325985520772661, -0.003264916164099286, 0.1075654916596394, 0.0310871074621538, -0.06241474234894783, 0.006538714322265588, -0.006884513588539239, 0.011511906193842812, -0.0017882817573533563, 0.3662197601191021, -0.01903168323189621, 0.004927992777382761, 0.040548634262052956, -0.017046666670809816, -0.01927743585806385, -0.04028618222617328, -0.03847810178936981]
Variance of component 17 : 0.0163806927428

Component 18:  [1.974532930423976e-18, -0.13713826988073363, -0.02055088460902227, 0.02445527396667821, 0.2154180313058042, 0.05524350938254158, -0.050087522170347745, 0.04373627524193417, 0.23015712563728521, -0.04704393451123323, -0.13033301704670763, -0.11426566118822784, 0.03755564366097855, -0.05180281891086782, -0.14127386967583402, 0.08313574819221646, -0.01142226630873966, -0.12886004596388037, -0.2337713563835847, 0.007882639372831762, -0.025389708618713036, -0.23577931300464766, -0.11275258964268353, 0.05235804981440026, -0.15427206003756377, -0.02429614797664867, -0.07289755806049003, -0.016857599585522853, -0.2165725538073009, -0.26891500727549, 0.06146680704421942, -0.08126162236929249, 8.326672684688674e-17, 0.01549049250126424, 0.0092602690927188, -0.1378700534701196, -0.2419405889893957, -0.1594417974524524, 0.05400976575516467, -1.3877787807814457e-17, -0.28789671461742894, -0.07023744046453456, -0.07636081146334021, -0.13946577666050258, -0.08388726905255059, -0.12289143092027048, -0.01104126519588524, -0.011421666228936582, 0.04437015536683552, -0.05944105519273937, -0.06955137216134348, -0.11209830116998099, 0.013128875227105822, -0.07686058828430353, -0.12713810687505753, 0.06356326626725504, 0.40784563989346406, -0.1260790117017855, 0.0044991375048545525, 0.04548840957911698, 0.020845191818716528, -0.13561852001527713, -0.07714118551875254, 0.08593771601942297]
Variance of component 18 : 0.0159646016886

Component 19:  [-2.207856963506575e-18, -0.09828294091196937, 0.02534164842300611, 0.001167109110849461, 0.1833486910351965, 0.046589889963246256, -0.054246476820246164, 0.13100073652464034, -0.3597050078974183, 0.0019997029854799397, 0.06792894230514897, -0.15025468581475765, 0.03712747244580311, 0.06009094609374369, -0.052697035376797374, 0.204404749020477, -0.062391883232487386, 0.13080753078042828, 0.046666443765463056, -0.1154880092378207, 0.14833175872819893, 0.02764369815891554, -0.07599032408809575, 0.1678225386852407, 0.1781582716390344, 0.21800369205163866, 0.013526291112863853, -0.02376531430116996, 0.23851308677182181, -0.050221663412531134, -0.11815374960532088, -0.1113542663510568, 0.0, 0.17488364773406476, 0.04563152927153943, 0.035909944175461464, 0.15968988332814565, -0.005633923077129857, -0.001035153441783572, -3.469446951953614e-18, -0.2006878709928544, 0.22858034734987623, 0.11487495939272954, -0.0360742648130658, 0.03077418761910891, -0.01422625517767069, -0.04591210920425749, 0.3035589504984676, -0.17902707590489045, 0.24410232316772182, 0.12257430824895713, -0.141621596728303, 0.00040888845651103, -0.04833746672858859, -0.038135793799756054, 0.15218333174071255, 0.1900733359195909, -0.05367540477275403, 0.026810387966247698, -0.015009913029212308, 0.07886618437134861, 0.020909034434412978, 0.06670758460645457, 0.04495686689199904]
Variance of component 19 : 0.0148919118709

Component 20:  [-2.5551800524309315e-18, -0.006642410603257196, 0.11715832002551313, 0.03925291126699809, 0.08907803914239076, 0.15462304185855213, 0.12916699499002454, 0.04920209782108789, 0.09884175043353989, -0.06516425832087483, 0.06567129195929151, 0.03536890675040415, 0.17756145586780941, 0.10014529730341082, -0.03398056481740798, -0.007765391407810657, 0.06039455727938571, -0.07646697312782472, 0.021262194260227685, 0.015197141096512434, 0.07276499185872573, -0.01796772929899934, -0.17899776922998986, 0.011819628961868028, 0.00026240123763149326, 0.026839423123558748, 0.13033510214744443, 0.12796062177776524, 0.0402122163185807, 0.04453727548691966, 0.03769656833527539, 0.18166688567974165, -4.163336342344337e-17, 0.09501278019478006, 0.2887668975167309, 0.13322619905019173, 0.029081385577590407, 0.19126095760711048, 0.04666153959727182, 1.3877787807814457e-17, -0.24693274065563378, 0.029425463282433773, 0.08969990814980057, -0.06314591401537421, -0.10502929925203278, 0.1966680507597437, -0.029814599012134662, -0.39937799708001176, 0.04127187635409287, 0.029217061198534875, 0.10461746517658628, 0.1301305114140517, -0.12337057749531352, 0.061604646660304706, 0.024031272636664852, 0.09823659880976021, -0.016707028914054876, 0.009878772610873927, 0.14002805070818347, -0.10698239696425821, -0.24749884541694037, 0.056041484485629824, 0.19709505315432466, 0.3510170203487534]
Variance of component 20 : 0.0134796956582

Component 21:  [3.3546601112430485e-18, 0.029303795096194275, -0.005074123800151958, -0.10673113180364534, -0.3134724042530449, -0.016030353575434406, 0.00839402293569022, -0.03711917676486691, 0.11179910929113449, -0.08350739313106745, -0.022566154689003942, -0.07132698446256637, -0.024559493179539316, 0.1336674632086539, 0.014930622354727002, -0.04354041835658251, 0.042169960023342556, -0.06876391297200267, 0.027023427007581924, -0.05181649940156943, 0.07339672226790403, 0.10628606148496257, -0.20177773529785123, 0.028832512929876916, -0.01610644934012334, 0.038284802179950145, -0.03233817039102821, -0.2389160114936212, -0.027773131192312145, -0.14790209209291605, -0.2671890792162541, 0.4559213373280698, -5.551115123125783e-17, -0.006760744959532264, -0.0033395428124535706, -0.17102090883446058, -0.01809293444690309, -0.046184420065509414, -0.061482739920803685, 0.0, -0.3260772031691567, -0.0037100631847422887, 0.0792985180748205, -0.06979695033503064, 0.052216414855494164, 0.08419404668127387, -0.012298040470459258, 0.2907533273022464, 0.09227975767196739, -0.06592139048984791, 0.03549466407962919, -0.046343422898556655, 0.029759369463202262, 0.029530018107909013, -0.049484354796553165, 0.10428228474652596, -0.20559732503238667, 0.03868105308703087, -0.00828656968238323, -0.08959919265757593, -0.18381968639112398, -0.11324998041687764, -0.12875759804082212, -0.13503940846755166]
Variance of component 21 : 0.0127193137023

Component 22:  [3.333207959204721e-18, -0.11411732449176869, 0.13499833364018932, -0.0315369720595593, -0.2567924593554631, -0.0670379819014454, 0.08164859399122079, 0.10082943081368448, -0.15010093161914914, 0.10994290150566242, 0.07272179226544553, -0.117434458871492, 0.27012391158356586, 0.02488877936980083, 0.08013923371499754, -0.009499318236050644, -0.022099003671106843, 0.10829037641509148, -0.15467516444714247, -0.13589900609394817, 0.04535910433606631, -0.019457302003646343, 0.09015862127312442, -0.12802853514124304, 0.056943354808252813, 0.013571791043562709, 0.0019042768564201673, -0.06383315329481232, -0.1982028341459901, -0.09544819282055217, 0.10869220845479091, -0.13608529947578923, 0.0, 0.013143965555522158, 0.2373146202261581, 0.23276493807724336, 0.05453329350783517, -0.09500707421065589, -0.1050590185474462, -4.163336342344337e-17, 0.22040613061836198, -0.1149428558057396, 0.06746712078004216, 0.014617231528347732, -0.038191277736341976, 0.15838103597782224, -0.06663259551514497, 0.13693005065213956, 0.14785079930816572, -0.2759308604640143, 0.005768232080890126, -0.11003351217915221, 0.026335399872411392, 0.29360043908529526, -0.014386684849256072, 0.14996761337227818, 0.1546130889930405, -0.17152337673751622, 0.13926651488019906, -0.1206303281822272, -0.09706758280955649, -0.03203124167111558, -0.10515206547852286, -0.01976523665344549]
Variance of component 22 : 0.0116583735059

Component 23:  [-5.4799037308621556e-18, 0.1962658011348839, -0.011291651993306173, 0.1344217135297948, 0.13635953865807104, -0.1142452254602649, -0.20575372880897227, 0.4016571629934418, 0.0393121381930521, -0.11200163577900894, -0.07028985238281996, -0.1335767048822559, -0.008660982226446373, 0.16813806118996993, -0.2896825043981704, 0.2249769803560165, -0.008827940413334179, -0.1793716282653128, 0.07671862199093746, 0.026544171375986858, -0.06443289229173035, 0.23942914021801223, -0.21270729960730708, -0.10812602719634423, 0.03762325912182618, -0.0007642341862065805, 0.20080057689329017, -0.017731718194313406, -0.11388552299290175, 0.1765796047150625, -0.16123770871915888, -0.0372426475130653, 1.734723475976807e-17, -0.008287089627244941, 0.11086726475740417, -0.06343366707218179, -0.05201548503201866, -0.04967359488898497, -0.17264416598856872, -2.7755575615628914e-17, 0.25579723384224373, -0.1499039352004822, 0.05034855502176662, -0.010383952818519355, 0.0900478273413663, 0.033138083048541746, -0.04522709224887485, 0.0038525448182990772, -0.010108060328186886, -0.13461797806804948, -0.08411136266817207, -0.08100511517779173, -0.0826829865225739, -0.04376210574720509, -0.019942497710589667, 0.04341315136538698, 0.033977429122762116, 0.19120710121155726, -0.02584468389980628, 0.04032125121782745, -0.005549156116781308, 0.028833624564239387, -0.008858363310044488, 0.01903703166525913]
Variance of component 23 : 0.0105764659854

Component 24:  [3.637236764790717e-18, -0.10172652553662469, -0.01151394401804097, -0.11401315259213628, 0.0429077225682823, -0.014182032258390528, -0.15252990389207416, -0.19413529450218872, 0.12045671647583792, -0.1352392388242656, 0.1411282965502969, 0.10999517939674917, 0.1854452069388112, -0.05574978216298388, -0.16861886319067104, 0.0910433892284845, 0.061782319020651386, -0.046196271251007254, 0.14534010401910386, -0.15215469344357554, -0.11228424742372696, -0.172448797568326, -0.007344053434298822, 0.280192968880526, -0.08270862537582802, -0.08309742525040263, 0.004111507361183306, -0.10006285568240916, -0.06985380761815822, 0.03283227867724334, -0.002517440510128449, -0.16488326193076705, 2.7755575615628914e-17, -0.1836868369174886, -0.10051937881061654, -0.06264073409089345, 0.04832127268340076, 0.1145834510443642, -0.21997068650703835, 2.220446049250313e-16, 0.21013467792327628, -0.08865503953962317, -0.12802908194259244, -0.037035132697414375, -0.10101295864877965, 0.1726032632977415, -0.11925406721683386, 0.13274457428676623, -0.20191475429775893, 0.22671257664603298, 0.09008736901418787, 0.1017845756673891, -0.14397130645915757, -0.005576023454221958, -0.05729760100765227, 0.06936191571242216, 0.000849116495437327, 0.0038398085953606316, 0.0007504025159657209, -0.23743359402039527, -0.2925237956022816, -0.0916133912240334, -0.00654106079989412, -0.057426656960322814]
Variance of component 24 : 0.00975315947198

Component 25:  [5.919943163218143e-18, 0.12012121142155577, -0.06886105810341771, 0.030725656402406987, -0.1279977580317078, 5.1474567848791564e-05, 0.0659406252140714, -0.1255753556341376, 0.1005517639267818, -0.19262791808783614, 0.005627750127756043, 0.38763036847722854, 0.20660220507220606, 0.13582742008015156, 0.09420737690269115, -0.022205138422464632, -0.015978208934275095, -0.11993314761694832, -0.03849413440376273, -0.05102094254143415, 0.10142411125497194, 0.0709440954193101, 0.0014101936825677286, 0.06847163857996713, -0.03229161102502903, 0.23676324621301048, -0.09730214653251515, -0.13558071616822534, 0.09665591831674744, -0.1879289707685269, -0.030907813209578194, -0.05897218260595254, 5.551115123125783e-17, 0.16148184767883736, 0.06626505269131983, 0.13471448072849498, 0.12522326277447599, -0.1322558776879631, 0.029782563327360522, -9.71445146547012e-17, 0.20055375634857361, -0.006528712685372821, -0.0315604924275313, -0.2806066572800237, -0.1690287848004464, -0.1630539755361487, 0.023458532509427706, -0.07694262437954175, -0.02576249864609335, 0.018130628350829563, -0.12482426636773503, -0.2950508519844206, -0.22446348972572158, -0.08686597363626605, -0.012143288084737537, 0.06421724284540416, -0.007780524893241315, 0.18732489033394767, -0.08692938961926053, 0.13104946201744413, 0.08931527963079101, 0.02850585649597854, -0.02466695291153656, 0.056462796031129255]
Variance of component 25 : 0.00944558989732

Component 26:  [-2.8965645941436273e-18, 0.0379327445035341, -0.15898694351704207, 0.12962555843245382, 0.010015891762759126, -0.08043783901116959, 0.04133463006844134, 0.16527075916789968, 0.06670648653348814, -0.13800226365916768, -0.16970254424888542, -0.03813970273794835, -0.017554866270534347, -0.21036282825717534, 0.022923847122309056, -0.0374456019717314, -0.07226644652098697, 0.07363629814731766, -0.3002182758910257, -0.20562438042459083, 0.0008757623873050235, -0.1015391596755289, 0.033374311211806146, -0.22370129656901938, -0.01233214305266439, 0.33087194072506343, 0.010717977021659608, 0.0026858048579460336, 0.13440473219919102, 0.14211598728618446, 0.0782136242891705, -0.006203670013622056, 1.3877787807814457e-16, 0.007952549638879893, 0.0247772027968481, 0.010721135129720772, 0.00414208092875189, 0.047911349673902134, -0.15041190055868583, -5.551115123125783e-17, -0.12054596343169804, -0.1714711284315493, -0.1323236919844702, -0.05332375313311629, -0.17813802104074938, 0.03594071613696451, -0.18144905159446326, 0.09785991154677817, 0.08347977275997487, 0.21927178949554182, 0.07693196808157193, 0.2870204868709881, -0.04525384299826478, 0.20382054602205452, -0.1616226470295988, 0.02049126116802232, -0.15790422440539245, 0.10945545090544821, -0.15959980627832127, 0.03304470412849475, 0.0854629493109165, 0.04144016748285995, -0.10117592409161029, 0.014223922336204769]
Variance of component 26 : 0.00863013826971

Component 27:  [-1.43334814154325e-18, 0.09518481475904039, -0.05828271289256177, 0.09793294983546989, -0.07612985739636588, 0.07667494404192968, -0.07572529243465324, -0.17416769410317012, -0.01800835751916963, -0.006220524350992941, -0.14035452186179526, -0.07082630716085259, -0.23062449098297677, 0.11880549352149845, 0.1246628538295329, 0.07164901951512663, 0.0035869352584920744, -0.0005832425216076402, -0.16038186241181396, 0.07253369270365519, 0.1079447980229183, 0.06583507388059284, 0.07172107423656532, 0.2300677808673339, 0.02462133482047317, 0.12363419852126928, 0.050131633357908434, 0.1528845354280884, 0.20618690851146873, -0.12036610677712518, -0.06745562611824965, -0.06890179648920661, 5.551115123125783e-17, 0.19262733020975753, -0.010450369234590534, -0.23355405091615433, -0.0734011407778772, -0.10041781606704797, -0.09670719887269401, 1.4224732503009818e-16, 0.1920391154080166, 0.11526624698761011, -0.011668646042764023, -0.0009834175219895717, -0.09666585959382268, 0.12354228811491232, 0.08464255447772155, -0.07729946131775331, -0.12874406365944724, -0.2937522728370248, 0.05837380479334926, 0.38522433764154346, -0.042200335147241204, 0.12230735846328548, 0.11921705196897749, 0.12482358773341873, 0.20595639078059516, 0.05698425968001683, -0.009677273099777419, 0.01625212006644333, -0.1887243137885659, -0.06270842340021776, -0.10852401127212911, -0.028790943313608756]
Variance of component 27 : 0.00836642853669

Component 28:  [-3.87669669147848e-18, -0.0972881379369596, 0.2692764858731471, 0.0862044584922675, 0.0508609966950527, 0.09402847046849751, 0.11183024449380388, -0.07527077528337026, 0.14155143573511397, -0.2849288887501762, -0.016531388545203186, -0.15540700685624892, 0.12232172940811195, -0.038854409562161754, 0.056340221960641985, -0.03295346271689746, 0.037765273934713295, -0.3276003287847562, 0.06714572956213646, 0.027369033464121312, 0.07677737796818929, -0.0889364522808473, 0.04928352974761749, 0.024327330777296582, 0.031565431656022686, 0.22470516123834666, 0.1154492064548235, -0.11895554446645906, -0.0005393958843896152, 0.07173913731703727, 0.08463197190200036, 0.027263925512831685, 5.551115123125783e-17, 0.17191013066872707, 0.009427253967197603, -0.11953017389425873, 0.10894199193350226, -0.04774685177786603, -0.04373502227548417, -5.551115123125783e-17, 0.04168153202650725, -0.07504729451177465, -0.13981004540973818, 0.05698940299662744, 0.10523359732290785, -0.16545771445982704, 0.009790639808352448, 0.14844815836172554, -0.01338985837604973, -0.09521389891185761, 0.09492826009347038, 0.07656009911639156, 0.09512798480814415, 0.028949734526281745, 0.11147534155019885, -0.26573895104215506, 0.03392458987741047, -0.04372268702424789, 0.2850576638433393, -0.05716886970906741, 0.08011667405992551, 0.26178298061886607, 0.1868007077063713, -0.21574420968951624]
Variance of component 28 : 0.00797693248411

Component 29:  [-3.320923646060243e-18, -0.046406322154507046, 0.025232851436036804, -0.17152379079093227, -0.17783149481038477, 0.17064223811625298, 0.024107926032720463, -0.04185334977604603, 0.05985472031014742, -0.036002977725688806, -0.04046545376079679, 0.015058592754529282, -0.17584081968669946, 0.05120047850186994, -0.08343329452080195, 0.10536692612926832, -0.037163113521647084, 0.011671935923690993, -0.11965507250411558, -0.17906534807774344, -0.12442970671520379, 0.030243843603962928, -0.3212605375983876, 0.15157920695916824, 0.0680981342509808, 0.007727745193786287, -0.06130880472974917, -0.016614179121979874, 0.10820416321364473, 0.1242848104346288, -0.08607310124510409, -0.04047782054787974, 6.938893903907228e-17, -0.09905734892385855, 0.18503511244907514, 0.17401458934367914, -0.08699585111549246, 0.02235935800880998, 0.2296337409425725, 1.5959455978986625e-16, 0.2000910682043394, -0.2060743966105312, 0.05118266453529469, -0.1511407848239033, -0.045029247146367364, -0.2515122308960672, 0.08760585261024086, -0.046843816156429456, -0.11884988084286137, 0.06316876463054893, 0.15754597815222693, 0.06189394291539721, 0.4730163870709842, 0.09280901399436468, -0.012026038303594826, -0.07164187286316409, 0.01066942123426642, -0.024568314646385876, -0.0022891182309184525, -0.048019198155506496, 0.04048060235234688, -0.03504473921532909, -0.007552935265634147, 0.04840919583903848]
Variance of component 29 : 0.00746471370926

Component 30:  [5.627824628136562e-18, -0.06991615453967388, 0.010893391980262707, 0.024465595088456235, -0.06929855670787309, -0.12354776845593243, -0.07222660254142783, -0.0301774566675604, 0.04576858996705349, -0.031507059500777604, -0.10798365570502579, -0.1703423816987768, 0.1762486177088376, 0.13420398944081025, 0.07387898326058512, 0.035895257108238265, -0.08565245119968404, 0.02109355887735631, -0.10087839361098133, -0.09386222187419938, -0.014137018109082328, 0.10275224822219771, 0.08260228911311412, 0.0060402668936417325, 0.07734353766099081, 0.09440222525350454, 0.22843267217657015, 0.08945709699047577, -0.19289704977672387, -0.10531396280080063, -0.0003594154799468896, -0.0669887170726611, 1.3877787807814457e-16, -0.09267959615824947, 0.043508298385152015, 0.04524054983295384, 0.08702229956185763, -0.10705820938709264, 0.02655478183307769, 2.7755575615628914e-17, -0.07482888753310762, -0.014875583957685063, -0.2092299377436233, -0.052467148208876734, 0.27485993514164286, -0.032514506781914365, 0.3226419255609419, -0.2366543304603743, -0.012303086376056954, 0.39493135901175414, -0.0451072168664107, 0.07801588792339051, 0.06855807136739409, -0.08970705439237964, 0.28925587222258786, 0.21215165909364014, -0.10844855511143293, -0.05294411267745198, -0.010922966263734537, 0.08446401003027837, -0.08186670237107571, -0.07013857290849128, -0.1105450059046562, -0.15397803136662216]
Variance of component 30 : 0.0072558215137

Component 31:  [1.9844803685904078e-19, 0.05024363576101556, -0.04772359409409314, 0.040695122300317264, -0.09096403354254635, -0.00193279277235604, 0.026566903117656582, -0.0018172409728056367, -0.15095495444156415, -0.185087363112423, 0.018877717406761634, -0.24161454258607473, 0.055742404849262274, 0.04315518742578837, 0.03305120896680096, 0.019349996242800743, 0.388953267193228, -0.02554910856753733, 0.14463391655061714, -0.17836424860477393, 0.06080912501697956, 0.030565026342784272, -0.03761354791760213, 0.07940192445533717, -0.3470556149690593, -0.041118145011637124, 0.11728850471532, 0.05124653461910493, -0.05725383048921714, -0.1840121569207612, -0.010630583259203635, 0.009979864122746101, 1.700029006457271e-16, -0.023312841448553376, -0.10444424532038676, 0.14310382098984287, 0.0010491753041166336, -0.12103826978752297, 0.34539727412692206, 4.5102810375396984e-17, 0.04611870160615458, 0.02776657740990725, -0.08451730022258971, 0.20240927744460957, 0.06826299591254117, 0.03270083477571011, 0.011392502874921256, 0.05517947852855759, -0.09537723817304164, 0.06667944220261512, -0.17457734632994212, 0.12697788844557978, -0.041151224890362374, 0.21860065583579352, -0.18590292313438345, -0.10230884081370163, 0.014845183107968445, 0.13215725853726606, -0.0934123122572958, 0.03442417546325506, 0.07311123596590548, 0.09108191571430913, -0.06494497761473522, 0.20867180855312084]
Variance of component 31 : 0.00691911245481

Component 32:  [5.60023399149176e-19, 0.06017516115787153, -0.06904318884227882, 0.1229138713626644, 0.08921288794536612, -0.1787351203902507, 0.18551117366987438, -0.2572227792638041, 0.06939431218644125, 0.00042456742384796263, -0.05231186818305261, -0.28514377937998453, 0.24282029478689407, -0.1765470303875773, 0.2672530108341635, -0.03389380980274495, -0.16156916766193755, -0.052245112382603105, 0.10513961427297754, -0.16388002944079577, 0.08742239229981971, -0.04070215079987717, 0.09093973255365277, 0.10382934821952529, 0.12660805940565928, -0.09130284158021035, 0.17428017252575478, -0.10931315997582455, 0.04951550313191663, 0.0500109571470955, -0.3325765750956512, 0.00833276832575607, 1.457167719820518e-16, -0.07724980951040962, 0.08482343651467386, -0.04386307611731596, -0.17428133884919864, 0.15643269813437016, -0.021964964413577467, 2.723515857283587e-16, 0.08277115406969673, -0.1344527502415219, 0.16090327296518872, 0.1310874960977879, -0.09362637894033803, -0.010696713526876778, 0.04714951314693072, -0.053978823282569546, -0.01246096066802633, -0.08752059942666834, 0.06985153869293752, -0.04636575610623165, 0.04502883871696749, -0.19024893430547832, -0.11486381064208845, 0.06585523813933929, 0.03896375705974631, 0.039320631990230184, -0.08304480538225895, 0.038413940031464394, 0.18490674907291557, -0.119945929944085, 0.006771045368950787, 0.15477256161149966]
Variance of component 32 : 0.00653908535573

Component 33:  [2.279281455123376e-19, 0.002171454073342606, -0.008342099236767419, -0.03080282114770999, -0.010604806411557938, 0.10460782045974859, 0.029822984142039505, 0.06103254687152034, 0.24942492958758686, -0.119421454306014, 0.05767164996843434, -0.06566232477238967, -0.10732179696801246, 0.015079413330790799, -0.09015365705570597, -0.025754452351707313, -0.47170449264547454, -0.051690716939999215, 0.1791404269505291, 0.04116403959482478, 0.08236590434222407, -0.03596157926206485, -0.048758752978002494, 0.03687888614912728, 0.4265034323721678, 0.01815265858324631, -0.08705232547093472, -0.066368704556706, -0.04141017839267606, -0.10217613907713115, 0.1491690599331299, 0.037947396019891014, 7.112366251504909e-17, -0.04080356191908733, -0.21961510260354428, 0.10785486767083172, 0.027324834050747832, -0.09607074996639489, 0.2687103878639063, -1.196959198423997e-16, 0.03161029669303922, 0.0004735791317454721, -0.07357389827601479, 0.2745446483935336, 0.03475260326844628, 0.07948823351607694, -0.057208776178676146, -0.07107690120342067, -0.07820639815824253, -0.010119592578376444, -0.010493049021427881, -0.007324143235813172, -0.13866100575707407, 0.22310460445764077, -0.08884259077160027, 0.14676326573280613, 0.014985302993167877, 0.08029331552533393, -0.010965049790182344, -0.05774840772779292, 0.03840290649688704, 0.015735945306293873, -0.13188858041873835, 0.04907554495383537]
Variance of component 33 : 0.00640792573846

Component 34:  [1.5133931631300503e-18, 0.10220973568893953, -0.09502033793772124, -0.10050122087751767, 0.16433207309218206, -0.014921727548167401, -0.006914841717210569, 0.11120919450252903, -0.012785753197672518, -0.037305511549838875, 0.1814353958176176, -0.0032284793666047537, -0.021667616996423587, -0.14688960581338703, -0.031764340800717175, -0.02652819483525015, 0.1222314453929689, -0.19770298846414985, 0.24599998417904376, -0.332971354597611, 0.09965544630557699, -0.11766000904184293, 0.03992932858413662, -0.1302237191889268, -0.034061865049088015, -0.21400404728822073, 0.07122867684180852, -0.003235192422129579, 0.30334037734417807, -0.05010970919376951, 0.22119378210770055, -0.05261061916593037, -6.602791230436722e-17, 0.07270584128756412, 0.02104297369263213, -0.10494653855543454, 0.09405932245989355, -0.17384529923917408, -0.025141202194620734, -1.6653345369377348e-16, -0.06299102784807808, 0.0380671658394653, -0.014743898087502798, -0.1135421337716692, 0.011530796896298257, -0.1077097588932534, 0.06546562909742971, -0.14474053494484285, 0.15076837883004104, -0.16988491272449044, 0.11917636418162296, -0.037163352587098804, 0.18243266940538683, 0.05764358641090962, 0.1487249443965147, 0.265685675074246, -0.06658670523203056, 0.09184130699745063, -0.10903595477043855, -0.17785360207534276, 0.042117441799694996, -0.11362903416332437, -0.1146821153078675, -0.11780763340703215]
Variance of component 34 : 0.00591384111722

Component 35:  [9.480857180503584e-18, 0.08713872572003206, -0.024500999839144916, -0.09977290371287134, -0.037811257637872964, -0.10985165569435335, -0.24846536930157898, 0.03543472583757858, 0.1016494805950767, -0.01378140016088003, 0.026431928335373556, -0.06771421563391779, 0.04665808104508449, 0.1675038814009677, 0.05842793062326518, 0.11713978458202187, -0.17417206637197202, 0.0034328147934829523, 0.046720624963413726, -0.038095645798700825, -0.05748848939492752, -0.055611575473580366, 0.17325232682006386, -0.054603844087423456, 0.1699818005382811, -0.09339153639122313, 0.07625856585780617, 0.11264134822479771, 0.004052225491514128, -0.2415601186389966, -0.054904016710829714, -0.22939100377821264, -2.7755575615628914e-17, 0.01933709630206459, -0.024225218888402338, -0.023048469911881177, 0.19968992598198576, 0.04468202482121182, 0.13283438829283495, -2.7755575615628914e-17, -0.07481544301582847, 0.034936179494780104, -0.02184544244317829, -0.26069193177584454, -0.034619484159291565, -0.02045029736355236, 0.0752053700801326, 0.1903625747417016, 0.2960534504266456, -0.10903366741545306, 0.07287962411368855, 0.1712733092340064, 0.049306316648996845, -0.07658991460055892, -0.13098486138572685, -0.37393507859864705, -0.13378814764899605, 0.03738091149130283, -0.027753107953397887, -0.05117991619278004, -0.11522814670465382, -0.020012603128420615, 0.12303921691201912, 0.26066618254813695]
Variance of component 35 : 0.00571162405224

Component 36:  [-1.2019365388270616e-18, -0.024623236162196246, 0.025383687825436135, 0.12130923218244591, 0.04032469326105877, 0.08857297499340527, -0.006292313647756001, -0.0994093068694173, -0.04731413413635328, -0.12464122229984628, -0.051515111420295995, -0.050989700246726485, -0.21510722667778995, 0.04146292207783961, -0.07790260233855394, 0.15414441676888185, 0.1166657237009192, 0.06656387030121387, 0.05128662940955647, 0.20230482753661047, 0.23289204685697257, 0.007998642457264973, 0.05685702059358476, 0.15702392716651117, -0.12134596360259518, 0.17111005979373414, -0.09211661680036651, -0.1781592982864416, 0.006469624556815695, -0.0553138487956578, -0.0382763758066264, -0.3972336225401961, 1.3877787807814457e-16, -0.08485010074837365, -0.0012136787280355643, 0.07648956391505199, -0.08626220022093517, 0.09576278918143714, 0.11746484787272823, -1.5265566588595902e-16, -0.07231035813030798, -0.2310682300813806, 0.10378197137019547, 0.12512558557648673, 0.014032553466068817, 0.09741841409855663, -0.0616127617124034, -0.09555954505436713, 0.44803926956311474, 0.008690096856498509, 0.09488048915112371, -0.10271812104024935, 0.026999070084793506, -0.054681397090822426, 0.032854292101294466, 0.1531959048971219, -0.22762572655356741, 0.04796965346501211, 0.03301970773102493, -0.05035119251246531, -0.036334882473214467, -0.012130904673908073, 0.033333250622879305, -0.11546527783464663]
Variance of component 36 : 0.00523636803417

Component 37:  [-1.2903678055028575e-17, 0.02227582296958791, -0.14154286762122406, 0.14067685994509482, -0.1356808456406829, 0.11543790004421382, 0.18814680688532512, -0.16029528683400804, 0.01904042087610322, 0.16744790051933933, 0.07529352218747015, 0.011388830132917055, 0.006245941074155409, -0.03333657269238541, -0.08746176848390935, 0.086876822629887, -0.12528774394619652, -0.08820791816205484, 0.057493739703942025, -0.15114489894332914, 0.15505253681902637, 0.03527066461133224, -0.2027267171585877, 0.1980623530200341, 0.12814767588880163, -0.25106231643411014, 0.051507672918931345, 0.017622005261159146, -0.020247436520650364, 0.05709688624875463, 0.11477828733737329, -0.1853353439898659, -8.326672684688674e-17, 0.0872335004614542, 0.2536892186329092, -0.056195448656509384, -0.19222063063334857, -0.09522304525111902, -0.14751012934470784, -1.3877787807814457e-17, -0.09504067081578232, 0.12053837911845415, -0.06182885737918558, -0.06157620240415028, 0.0974268230002012, 0.05189772660449837, -0.1404236390405466, 0.10925832432463553, 0.16464926551333475, 0.1206127922965545, -0.343808753754429, 0.08093165447859772, -0.03015820221298992, 0.1054932955506169, 0.041880850861745, -0.14566305109915484, -0.07258392495002941, -0.03656268104732536, -0.15319772105209042, 0.16506245547504217, -0.015592024899720783, 0.17374912632142905, 0.10043762064582758, -0.1013458066723992]
Variance of component 37 : 0.00481807586445

Component 38:  [4.1963977918147603e-19, 0.06399601547377323, -0.1878232187824976, 0.19264472215859813, 0.0049308274189619715, -0.0996641900082527, 0.26239950786228383, 0.02939853612647184, -0.040167680462395154, 0.07241182695091058, -0.08362845305511765, -0.1368521402995946, -0.08428846503372898, 0.013441084851103723, -0.052943017798727586, -0.17114580256171835, 0.019662314800075333, 0.09763348706303898, 0.06057808507328789, 0.12038684077041649, 0.22648600800651805, -0.010846447654058011, -0.15084758722580216, 0.05254369376190676, -0.007144077991173319, -0.005930721182551193, -0.034779975973190574, -0.05011185309922133, -0.08742891300663769, -0.16830628452648977, 0.3785622965933415, 0.08050711656028248, -6.071532165918825e-17, -0.11352090066206982, 0.0406202025072032, -0.1041069915430378, 0.2250213367847968, 0.030082129295920062, 0.01709333403167867, -1.1449174941446927e-16, 0.13601270513139138, -0.24144327186888587, 0.09081658018873812, -0.25354478968337274, 0.19836918440789225, 0.13717637593312001, 0.019754439540006333, 0.06307574693582052, -0.17143944444989526, 0.027037100178967297, 0.2707275610588748, -0.02544231129381628, -0.008374551977617587, -0.13742189491306012, 0.01924357953378612, -0.14546014076812472, 0.09282723772719738, 0.0364569492665399, -0.1512229470304317, -0.0061373230116808005, -0.05130329543453378, -0.05223605755814495, 0.06143139321798542, 0.04120769039278089]
Variance of component 38 : 0.00453719259858

Component 39:  [5.810147041529664e-18, -0.08524127887504712, -0.033333518059245955, 0.09977813123528054, 0.2087265023718373, -0.12586655183078696, -0.06874163454600707, 0.10159732295641043, 0.06476133791124317, -0.11208811812034744, 0.11459611670723864, -0.08633672136590177, -0.10884053866545879, -0.22308180139990585, 0.07036934992472035, -0.11762581685372231, -0.046703490185892774, 0.012338516404398231, 0.10996720903502616, 0.12045877849136893, 0.12384734007739974, 0.1032565587200632, 0.22891941450984135, -0.08844440170635698, 0.00913038768709215, 0.0668332744801066, -0.20245331679933762, -0.07668950713135286, 0.08499098277380572, -0.07144333434016176, -0.15519856220374215, 0.0854315824166427, -4.163336342344337e-17, -0.06234902925582851, 0.1570540301548203, 0.15540671704441955, -0.1780502228740812, -0.1918208706774882, 0.04294577744833851, -1.6653345369377348e-16, 0.05477025634560341, -0.025789128023756807, 0.08364248075889687, -0.1583789890830577, -0.08644788291278799, 0.07541359704866882, 0.07512451100028315, 0.026727948525823265, -0.12956911484980263, 0.14542300768875244, -0.3099575622282472, -0.02261053734793317, 0.193294477701971, 0.14478743815341583, 0.11396391210022885, -0.12775953545927485, 0.052726694963889736, 0.06189262968095384, -0.026858629247826015, -0.10529883897076185, -0.34077735855425745, -0.055640498057958954, 0.19926551237116735, -0.03679407104048348]
Variance of component 39 : 0.00423162753233

Component 40:  [2.60823986723873e-19, 0.015791371513277485, -0.05210246760290672, -0.0747069131380555, -0.0390152822246208, 0.13254994028152234, -0.2638706716802816, 0.06669534162799493, -0.041357688241941686, 0.24463884224351587, 0.1392087547674953, -0.06277709328004503, -0.14764316068902986, 0.18150598978734864, 0.12647870929146285, -0.016226181931809424, 0.026564885802587417, -0.18262441730336348, 0.10435370852423312, 0.15400593455011252, 0.320516627144095, -0.1180777949130205, 0.1305041688365544, -0.11987259093342294, -0.012636237727933283, -0.09370094788776463, 0.06400422051679085, -0.1702229347391232, -0.14272128838068468, -0.12882884955755533, -0.007322237732652684, 0.09101200520923476, 2.3418766925686896e-16, 0.16360907779266964, 0.17329123365945695, 0.009410003397571354, 0.03512549912756532, 0.30399158553760103, -0.06907245617325011, -1.8908485888147197e-16, 0.060011994833380176, -0.21581328436626168, -0.13228182179783537, 0.029077826431424685, -0.19279457559266014, -0.21683480981743225, -0.09013034106690582, -0.009449884309433552, -0.1343245506182569, 0.1901011943807841, -0.0700262439729482, 0.12228011140420739, 0.044225758840816774, 0.004891484736224102, -0.043432246643278646, 0.10463372354154063, 0.018673843961095758, -0.07805166123911943, -0.05567704535732754, 0.03209999284395429, 0.076164475737862, 0.07438297662991174, -0.10649267504496125, 0.0055750242243272005]
Variance of component 40 : 0.00406053069979

Component 41:  [8.803395500951315e-19, -0.01654177183398437, 0.044499193581251026, 0.12027700302456326, 0.16596115627381205, -0.11055231239975194, 0.12846719905248932, -0.09742776880969284, -0.0347438831454772, 0.28767726332504606, -0.14380318183469037, 0.11540666517081957, -0.08490569502532459, -0.12569083167365663, 0.046574056636195224, 0.05878170206780326, 0.026362532113695516, -0.11628123602997112, 0.02673462415596558, 0.18807424183483498, -0.08882799466387324, 0.1907244277281735, -0.09202305178078768, 0.06404117240183188, -0.003583489756831369, -0.0508322970125205, 0.1485279688838391, -0.21699901655805598, 0.04338674567065862, 0.09456065320217755, -0.07129459357049281, -0.07110079334420535, -1.4235574524734673e-16, 0.05454431834924092, 0.012027575839997789, -0.11225395368091172, 0.22812962487148852, -0.257804407572114, 0.016824764107606173, 5.204170427930421e-17, -0.032216994973648314, -0.09727776770736203, -0.0664202428835832, 0.019823864367784466, -0.0875811916038325, -0.1459539555874837, 0.12429477015510573, 0.027875882514914716, 0.06281980630522366, 0.14778304913408497, -0.0020003608603197773, -0.035908171371903094, -0.1188047078588678, 0.25735366660627984, -0.025769225452771077, -0.08895505604982148, -0.08194947318363695, -0.16740364047143452, 0.1083670332788509, -0.25230761623220105, -0.048581273414458725, -0.07424706783446251, -0.25413238070678795, 0.2783192284050907]
Variance of component 41 : 0.00397084808276

Component 42:  [6.139227489039574e-18, -0.03935580765636305, 0.08016403386014789, -0.12530608647729524, -0.04996701483806569, 0.1526649965918593, -0.019012078016328406, 0.07863060165056882, 0.024240134853885882, -0.13176841479789678, -0.03845195080968365, 0.11692995046139797, -0.09675688257895382, 0.10941181921738277, -0.12229613791152227, -0.07679312982982732, -0.009213170731995166, 0.025847266031768457, -0.06762379886603478, -0.10762500888851742, 0.2081521361641403, -0.028622983294090243, 0.08721047126195147, 0.009985737950010301, -0.002108562948938103, 0.05961824707240565, 0.15777280962689333, -0.13438053572499062, 0.1265185019397323, -0.047645694336761635, 0.2326256374088297, -0.0036537253483472643, -1.249000902703301e-16, -0.24788400890402623, 0.07903523974106352, -0.05252984926014914, -0.08947805229475908, -0.010635095477286013, -0.3258320706455548, 2.7755575615628914e-17, -0.011650623022495359, 0.05151900371482551, 0.09076019525320884, 0.2836541664243925, -0.10036496140735546, 0.09832839751549843, 0.33483261842834283, 0.11296128260404754, -0.013095224420521884, 0.04692064365802462, -0.13729229656991715, -0.07370313077363028, 0.06404743657102456, -0.06722395393246701, 0.11145535683706007, -0.20636977584686025, -0.01810320333506034, 0.04655245100292893, 0.09171077653171417, 0.06700312259153864, 0.11685405626397868, -0.19310214434152587, -0.06724016053052354, 0.314684317440758]
Variance of component 42 : 0.00356493303143

Component 43:  [1.0886094620696402e-17, 0.05229045602415715, -0.0018216238382351424, 0.04078798172466298, 0.012110149200409315, -0.1913456787126768, 0.14628729209291694, 0.11785119566946509, -0.022473005222870518, 0.14526447485656124, -0.2909024951891483, 0.0861357819397776, -0.08142266440550136, 0.16689145329263608, -0.08899758200825557, -0.1519836679933224, 0.008390616858265629, -0.14940426528224934, 0.06217212609041331, -0.12200075749928896, -0.043142412781766205, 0.15626576023216535, -0.039562328365420896, 0.05794685617410905, 0.018779643632698767, -0.03654436610067228, 0.1913008710059937, -0.06482714393308678, 0.04742200896352716, -0.2004529157521829, 0.029659476909706328, -0.019662012080522345, -2.498001805406602e-16, 0.10132545601372239, -0.20963739214394475, 0.2565167163571977, -0.09647704858376194, 0.007808630884561678, 0.013479596951540648, 0.0, -0.00031000285606452675, 0.05485077903199015, -0.245969208254558, 0.06385946288864285, -0.3438178917345304, 0.2019878631214403, -0.1307734858669329, 0.013569529992811996, -0.008895701413130005, 0.026217038213939024, 0.017186935059207785, 0.012065417995412386, 0.18916169105326133, -0.1291504063764148, -0.003377924513465036, 0.016569425885735307, -0.0041562734886340606, -0.14212710538138293, 0.08442825316661855, -0.0696821762426081, 0.04809984666774737, -0.13126516828613613, 0.2841861887299825, -0.16111419835960294]
Variance of component 43 : 0.0034078718147

Component 44:  [-9.946768246435129e-18, 0.02485271914354753, -0.0695923015495688, 0.05244648951190849, -0.05724101266920244, 0.047840778792461264, 0.1987265522575736, 0.02909534173886598, 0.029576285446299658, -0.07707210875772741, -0.009391249924660297, -0.3217652674605797, 0.14142165498794934, 0.03860174555704968, -0.20355895210378405, -0.10586159051479607, 0.010738704247644514, 0.03853967927736529, 0.19350762375584202, 0.16697688993527174, -0.11773334379045532, 0.044788795552167915, -0.004745274385312581, 0.14174893989160897, -0.02722729493476901, 0.03793227505035318, -0.22346176254527558, 0.0957910544270153, -0.17734856272827954, 0.08574213187066002, 0.04725499375897436, -0.06216814039131831, -4.85722573273506e-17, 0.17105735845957276, -0.2084880088334059, 0.12979098999363758, 0.16053794069344945, 0.1135708022832646, -0.3032197648206707, 1.942890293094024e-16, -0.04480798611764161, 0.1392084562146088, 0.0994967358202091, -0.025537817998371848, -0.3109360527347207, -0.25514600100079315, 0.13808087874387104, -0.0011813970026587541, 0.07467327872147912, -0.015550754922720157, -0.06925351517042953, 0.04089729177768513, 0.19579180185147876, 0.05852119932462102, 0.07715093913406526, 0.04925526902825113, -0.057618082422052394, 0.049960403640491834, -0.09931931358126882, 0.0801628743100364, -0.081400625428631, -0.03392921163008855, -0.141618805671902, 0.08291870716957697]
Variance of component 44 : 0.00327835335288

Component 45:  [-3.624053259769952e-18, 0.05260499940004133, -0.09082267286692208, -0.32349808870804864, 0.048470084706502645, -0.14328588535044373, 0.032231166229928464, -0.07998257751683553, -0.019330609925024306, 0.16335999192015138, 0.33224902341206053, -0.07482833734265606, 0.0247785613616442, -0.007276816840986987, 0.13208080014327278, 0.11872199332891716, 0.022785307504641094, -0.3171376921354245, -0.07693590290146628, 0.022087290173076334, -0.07476665284101755, 0.053246669540622765, -0.18017652310611038, -0.04067903338980919, -0.015315506534750493, 0.26599332022528493, -0.18002639079919375, 0.15322914435410762, -0.009312764137911742, 0.03783720733582722, 0.0842832799112662, -0.029970252737507263, -3.469446951953614e-17, 0.25447863914519414, -0.11662849605278182, 0.020542617573078282, -0.08361676284739814, -0.1050043926718194, -0.030766798086348662, -4.718447854656915e-16, -0.003412236169109853, -0.27433270108868574, 0.02351263579899059, 0.2171474005855529, 0.02714064619749831, 0.20863320431887944, 0.07230460808562784, 0.05651085769461789, 0.041867931192702934, 0.07229102438094484, 0.05085341932544916, -0.022066352107927997, -0.010900973738660781, -0.05500899941701594, 0.12487172428650804, -0.09155015371461647, -0.020228950966540912, -0.03325299036916102, -0.11216202019914097, 0.13875022154044908, -0.036926107816222124, -0.1686587958345374, 0.09464228220038798, 0.09810434314921378]
Variance of component 45 : 0.00311032007345

Component 46:  [-2.6541775281529546e-18, 0.19726698300098397, -0.12937242938699145, -0.14835290900447845, -0.07282263358166885, 0.20832140452438294, 0.02606413395923411, 0.06034397658669355, -0.03630819866789686, 0.23043716939706949, -0.06811509983452982, -0.06724555254673542, 0.12432474375697966, -0.08683780536044877, -0.27799135502439265, -0.12263721206713696, 0.03065840645921706, -0.29742229736148956, -0.033892183053563174, 0.02330065655712138, -0.01480782866456802, -0.08401263163989531, 0.27669641348362656, 0.06187037188862692, 0.0028058032612304808, 0.1985452809255549, 0.17219658810102206, -0.09803714655347445, 0.08990781388489176, 0.055009396659704904, -0.11362619276331469, -0.01760823281087657, -1.5265566588595902e-16, -0.2977276984767719, -0.05043819061968552, -0.028029503224680362, 0.08880609121637278, -0.06153337733531799, 0.16539902901391276, 8.187894806610529e-16, 0.0007519260969372429, 0.053975291089728594, 0.18101254386915844, -0.04933574421076816, 0.01090404501346806, -0.05281874077479075, -0.1091464570505225, -0.031712433325529386, -0.009932496102853511, -0.015362992439410413, 0.06965670874854611, -0.024952627126446893, -0.05466167986558652, 0.1384927994845367, 0.02486402871871635, 0.0023314547661308447, 0.022355681184988554, -0.18589693857780884, -0.04584239746653039, 0.33607516017055894, -0.18961328836055924, -0.01937529359381766, 0.0861482848689319, -0.03524911158944858]
Variance of component 46 : 0.00288575294109

Component 47:  [-1.1601983941318522e-17, 0.08240420843288233, 0.09120273605108634, -0.0896567194869977, 0.03952905535539018, -0.1149895431293728, 0.18267524900179008, 0.1841198928399301, 0.0033401327458020547, 0.05040713727500202, 0.2726564200202173, 0.08679987706637171, -0.10923349252964304, -0.07956149879793582, -0.17630569748131292, -0.3068206432050089, 0.0007345844952164615, -0.16239890194387246, -0.07275801295140946, -0.08722634639465059, 0.07428864673021111, 0.22191941003686017, 0.1298549643272377, 0.24500118989819153, -0.0008499013107773484, 0.1770299527200266, -0.1370634897705164, 0.12319937277970583, -0.12520833861935698, -0.08420557509175, -0.1638148508122657, -0.09082155059284477, 1.942890293094024e-16, -0.10084062703442721, 0.10077934551351735, -0.0006217748244652793, -0.10295809869576934, 0.10706339682541886, -0.006469100971436671, 4.163336342344337e-17, -0.005279758046360172, 0.06727948071971543, -0.06849702075286977, -0.11223646676730255, 0.15602405181546097, -0.0012946771467855778, 0.06473106167719206, 0.01939518595726515, 0.04518959047647815, -0.04435567332334537, -0.01660989252799709, 0.22397675920388954, -0.059853462537284206, -0.17118550647520286, -0.10175755003111912, 0.0459590636055006, 0.011153621132085501, -0.0926614334218831, 0.04211049880332217, -0.24561069360442037, 0.19672593810585065, 0.15225976720041248, -0.20726892812648096, 0.06445939897325695]
Variance of component 47 : 0.00276489263524

Component 48:  [-5.2857595997176334e-18, -0.036629451214914385, 0.17663612639462917, -0.2248521672707048, -0.024455700146745578, -0.1311900561589648, 0.03983752960915322, 0.06334722493066618, 0.008583179212650782, -0.028349472078266505, 0.015585352930047548, -0.1802067202326152, 0.07160789918832147, 0.08300164416641827, 0.029020385123769622, -0.07667097482553749, -0.005549940273961294, 0.06707827897514856, 0.05623516340819443, 0.20202429735814773, -0.26979870291571106, 0.005477514162643582, -0.08783845508355008, 0.07360794066918658, -0.011018127794007257, -0.04157543414965841, -0.0652487355443144, -0.1171963345762652, 0.26376635621098676, -0.11083143721209335, 0.15360319921676896, -0.06137248476034034, 8.326672684688674e-17, -0.1062964523228194, 0.21526858696198853, -0.22856372265505676, 0.1777328709860864, -0.10464129874622646, 0.05994634178285959, 0.0, 0.01573203978303246, -0.11450103604390859, 0.18606487298876026, -0.032537074652243064, -0.15986148698111255, 0.07878630699779238, -0.02606499579150058, -0.0817904840712682, 0.007768620879889195, 0.08643635053416487, -0.30660994404306885, 0.25129280341293003, -0.07001220475726132, -0.07000579932520944, -0.1733080517014214, 0.14960249026168004, -0.02985122039112908, 0.0038086446059716578, 0.09702110068715919, 0.10171996090553895, 0.21935346489934202, -0.02344540590707526, 0.09555197987696747, -0.16758794433933571]
Variance of component 48 : 0.00259174940881

Component 49:  [5.022722865916335e-18, 0.16875541655140203, 0.00841111615249783, 0.2513489046178854, -0.02266302389102228, -0.09494313437725024, -0.04597990968921973, -0.18803275054391888, 0.004197500799252185, 0.07699984229835835, 0.09486839564871298, 0.02002219108895898, -0.06091846990660004, 0.0693600199468334, 0.15121528862626804, 0.2824164540381123, -0.010227445931352067, -0.20128178135172667, 0.008478570086806629, -0.0654010986120242, -0.012322466688834181, -0.01709491646294263, -0.15179709910385059, -0.17070524614912444, 0.004440754517639818, 0.29160343266983674, 0.012091203161181164, 0.10914716666420222, -0.05925132159703042, -0.0841861936168794, 0.19963834223147495, 0.04798909041546859, 6.938893903907228e-17, -0.3800962902542745, -0.1336833410987208, -0.017896660912265952, 0.0516106812879352, 0.11465850330428613, -0.04748638206301336, 2.7755575615628914e-17, -0.0021702560149516386, 0.19416259628743976, 0.2520038897357514, -0.012032085558165847, -0.09735017269405083, -0.06625397196003559, 0.0027372852719399227, -0.03776817567121819, -0.01990875529650512, -0.004034546564257831, -0.21430099075130424, -0.0090597643417897, 0.14197871262967598, -0.013026776871087675, -0.09991918609946217, 0.06375228860173975, 0.035917158435340824, -0.16656884474694633, -0.019711549499178957, -0.24831039896776944, 0.0018844706287045486, 0.12163799171843365, 0.016852922078033548, -0.054527176349237705]
Variance of component 49 : 0.00234483005536

Component 50:  [1.6462097887674785e-17, -0.13611445084571855, -0.05222673431494432, 0.3126668819730503, -0.13944908690040672, 0.07339332696630413, -0.044909265411304716, 0.14660458581136832, -0.01211403741924938, 0.144221183034913, -0.07176413430020386, 0.09557846934500619, 0.09528713690253572, 0.195414851341932, -0.07750686230694233, -0.20787760028853863, -0.01713825376105993, -0.06133531010659332, -0.0007742204806339692, -0.16770024996518737, -0.23858133111612306, -0.12695139657058502, 0.15243746990457593, 0.10059531173293887, 0.02923175080580126, 0.023247732113508, -0.06805284372344647, 0.21202791722433315, 0.17425567951720666, -0.15194138725233244, -0.03812557595826874, -0.008653396816257264, -1.1102230246251565e-16, 0.1991974976698792, -0.05909745937299191, -0.2528201655726997, -0.07059506579800334, 0.08798085462716378, 0.025457164754901153, -1.0408340855860843e-16, 0.008789064910039428, -0.29597743113009156, 0.2420526480185676, 0.19731614801479602, 0.12111522520462988, -0.0635573324814798, 0.01295057201486327, -0.02749705958318315, 2.473100442632742e-05, 0.1377489493783389, -0.11187387250983138, -0.17391222027664496, 0.052580803275136624, 0.05884343794665936, -0.003665347064908041, -0.02644474460156864, -0.029655225203677152, 0.053524022152521444, -0.020447606450712245, -0.2141484580347619, -0.07903383178109245, 0.07151550298576327, 0.027888222225315694, 0.015918488325160685]
Variance of component 50 : 0.00218256857712

Component 51:  [4.82989433247918e-18, -0.02365739396171238, -0.021571159385898014, -0.13886667470678457, 0.20415500288505098, -0.39738305308987276, 0.011749486938884661, 0.11536552502687883, 0.001576317356142047, -0.07556592427660044, 0.034421902651863796, 0.031198739454374624, -0.05695537950846369, 0.22068476812866578, 0.25426856915542667, -0.24227346746689393, -0.007240413425349063, 0.023453694218983176, -0.0602831638313515, 0.038855700004464394, -0.01882592079389031, -0.1366078667523338, -0.2066960903810319, 0.21788045946572557, -0.004979863142165579, 0.04515151632989358, 0.1135798651445372, -0.012049787830602843, 0.04332431784039257, -0.04136169381003495, 0.045213774802406445, -0.09179428982281107, 8.326672684688674e-17, -0.1581451763208686, 0.020369132465302395, -0.03691558818235238, -0.10322296719357181, 0.2209631534907925, -0.015610432880909703, 1.1102230246251565e-16, -0.00837596279837523, 0.1296797872721512, -0.0026261341774677705, 0.06344719185521888, 0.07680411887632772, -0.2578969627788453, -0.2415382415292122, 0.01875084581791433, 0.050136089216107974, -0.04984656279091586, 0.007154059837994373, -0.12097806673002252, -0.013516129989650141, 0.28527629341493405, 0.21146144235056172, -0.050438712246529856, -0.014130025220218561, 0.06400893967941795, 0.018365437513425946, 0.13581893172239057, -0.15375852286486183, 0.014685763909580067, -0.07045982797797329, 0.0203743054897008]
Variance of component 51 : 0.00203597634525

Component 52:  [4.232826863255619e-18, 0.15952185023609614, 0.002794071178190763, 0.16170552209347178, -0.10911779864760662, 0.06825941692687718, -0.20311765522088276, 0.11781541730785733, -0.004961371390015734, 0.09784895363584349, -0.1854759107926634, -0.10593492665764148, 0.0982299768992774, 0.17382850785930748, 0.19203557971219595, -0.12097391622993744, 0.02502165181807102, -0.09158421221075692, 0.2810290143349751, 0.06584509472015554, -0.11122851359685593, -0.31923576745120064, -0.08927457924886686, 0.0584757245916876, -0.03570554275501285, 0.12548639390843808, -0.3037617722437905, -0.12185976796554901, 0.13821861479659628, 0.22296084264813676, 0.0006366386294759385, -0.037733632699165034, 6.938893903907228e-17, -0.07750247174012993, 0.12654929622872316, 0.1832653674567147, -0.17907648365859996, -0.1335887435856713, -0.02130298138902677, 5.551115123125783e-17, -0.010784753524292966, 0.12857112481889016, -0.1657459910245245, -0.08512499023198801, 0.13500063119545738, 0.1288289687506535, 0.033436291357741725, 0.019659979947906768, 0.024404501634702425, -0.006688564484424297, 0.05576309825250162, 0.06446588522911359, -0.09864572677223923, -0.08284866427976664, 0.10593680143110681, -0.05562924920410364, 0.004779807764550784, -0.15968910741580786, -0.037343568049698475, -0.10874882727068452, 0.1300866985468489, -0.1020949638859927, -0.1001307961651976, 0.09544180793251691]
Variance of component 52 : 0.0019551242602

Component 53:  [-7.463011861217499e-19, 0.2030513269842563, 0.07687244567167575, -0.22759756028556624, 0.09946391560960603, 0.003979694536038264, -0.10077501767468168, -0.00015516906087739354, 0.018013533731126963, -0.06389358922601734, -0.4211160086522205, 0.09567180633525701, -0.004376506068013338, -0.20175824766967784, 0.10808689154799464, 0.018038359529055817, 0.00489663315352408, 0.06636341929373361, 0.3103575665783134, -0.2511564327115493, 0.11275560172002627, 0.16838292502097346, -0.054599362710312786, -0.017434150878357525, 0.009181359552587863, 0.0007850131417422249, -0.1839874913189539, 0.12872669107782814, -0.0430560820003849, -0.11440420274411209, 0.08699298579330159, -0.019673702073410668, 1.249000902703301e-16, 0.10590316158337826, -0.07210477640748407, -0.0049589369395269325, -0.08388935479479412, 0.13226910191588725, -0.08579945396308922, 6.938893903907228e-18, 0.018718505263490795, -0.17560875993287203, 0.2012136835514845, -0.06568526996268062, 0.11402844462003511, -0.0386597588863855, 0.023388810359599173, 0.014366506131926391, 0.005769589446114013, 0.06005895527440917, -0.06392150947373397, 0.04842948785211503, -0.08153116054625788, 0.05675951417644219, -0.03455564567109845, 0.02933185528637985, 0.004597349678756385, -0.2595131573602203, 0.24921553926946927, 0.18183906079627998, -0.10603746078269832, 0.11015799421741403, -0.08599370007626662, 0.029888584588188653]
Variance of component 53 : 0.00183318499197

Component 54:  [-9.880732671344667e-18, -0.13413411027367725, 0.06783033145172493, -0.06972656745703358, 0.03340227504743748, -0.15644196525907605, 0.27253385149175446, -0.22810804018549427, -0.005650027457651752, 0.06774383301924064, -0.12525940090495902, -0.05114370225102355, 0.009079536758138447, 0.1658144575408096, -0.32122860517133706, 0.31182243628942924, 0.006962030853397874, -0.0407053341725058, 0.1276851808462452, -0.0043900508718495435, -0.10656124274849132, 0.008357485034781509, 0.22008506293458108, -0.266059578861823, -0.005279132700134121, 0.04011439303916525, -0.146682235321818, -0.011114676862577832, 0.16258427840491751, -0.17882070109305326, -0.014414021867193927, 0.09354823796337347, 2.7755575615628914e-17, -0.03295917573566653, 0.12074333141331715, 0.04594314129377247, -0.13865797660324408, 0.14391991004272547, 0.03278970011810062, -2.706168622523819e-16, 0.015501449399966023, 0.006208366889749358, -0.044108693500806616, -0.04698354791205849, 0.09791887586021875, -0.04646829150825413, -0.2498194967360589, 0.04157865211494424, -0.06723893851776475, -0.0012159694442022105, -0.009202439965849914, 0.09511992350206958, -0.06953803230364833, 0.016209795000582214, 0.30990051078040287, -0.07327854247663697, 0.01378480281651488, 0.10614012635684622, 0.021497003703538603, -0.01961081517481519, 0.08700707616558945, -0.05285370047675166, -0.19362432090651815, 0.10475029967271209]
Variance of component 54 : 0.00167946387496

Component 55:  [-8.74662592436855e-18, -0.5625096839613377, -0.03625466763143384, -0.05756612819416956, 0.0006629251859038565, 0.060981258416917275, -0.11762764143254821, 0.041576592203470736, -0.031826759194366255, 0.34032321331756105, -0.19921517844548486, 0.0074243320995543635, 0.01002212696007216, -0.10864703482881363, 0.12508475523409382, -0.042132459038191225, 0.014977525552890864, -0.22162047310295685, 0.1378170667700066, -0.08973538187185276, 0.08173606902256991, 0.07042887718438685, -0.09324409425413982, 0.0400458119107755, 0.004766049633912929, 0.14020728993632278, -0.028310233161492837, 0.05548243110666909, -0.11942933288632473, 0.04477298436566296, 0.04001212374465257, -0.031469505264475284, 5.551115123125783e-17, -0.134969097658065, -0.05246397384475173, 0.04448305931136724, 0.027806344140166528, -0.013699656367024596, -0.004162328563327916, 1.942890293094024e-16, 0.010494283997490392, 0.08599204324565637, 0.07353341615899531, -0.11764847821363444, -0.020527170777977534, 0.018938299433422165, 0.01581810220987735, -0.00170632708417948, 0.029795876810172758, -0.10706032751061886, -0.0034316577724616756, 0.08693775956679486, -0.03359806000523852, -0.04074407000185662, -0.059952436673753266, 0.031621711933641924, -0.05048854032408248, 0.48332909096674487, 0.11476505283041018, 0.060825659331999724, 0.031033119125504223, -0.0028299415185087974, 0.003416605523158869, -0.0005591568256038994]
Variance of component 55 : 0.00161236062257

Component 56:  [-7.876469866114754e-18, 0.06475128335015862, -0.024958644208668022, 0.08074430606560784, -0.0702018866941292, 0.18684780572394588, -0.10376804801292128, 0.049884016457869745, 0.02035039371398962, -0.09352853426448152, 0.00933617678487468, -0.0030522763853414875, 0.032684653712544025, -0.1328528638667768, 0.06312997309384374, -0.03806332220392514, -0.0007415509200636734, 0.02764576022846864, 0.02557668687710802, -0.06720667479217293, 0.06272904874858509, 0.1865341705708843, -0.04195422253725288, 0.04469559107809169, -0.011882284028017859, 0.034207071895463, -0.06847164740281239, 0.20188211700426584, -0.21791151276505544, -0.025952308053535364, -0.07107330903418446, -0.016224351872704962, -3.3306690738754696e-16, -0.06588518993639975, 0.09814446585669565, -0.17771045576417743, 0.17148322622905685, 0.05352500140282162, 0.10540146618533275, -3.608224830031759e-16, -0.0010171950713126817, 0.020813959677321817, 0.01804175692904271, 0.03493429641340704, -0.09285071122933648, -0.09881363563705013, -0.2900264905245503, 0.017547428396486042, 0.009874048194571279, 0.027496458120987916, -0.052763168762500375, 0.027164977457895825, -0.11165177396746985, 0.12000547815379059, 0.33000122989333736, -0.08539766324605094, -0.008627564573883403, -0.04401773628224128, 0.04354275655379448, -0.13743195988668153, 0.28399258842525527, -0.5251670716498554, 0.18088455030161152, -0.019415068058025484]
Variance of component 56 : 0.00147762694106

Component 57:  [2.748109581971042e-17, 0.013188449070592231, -0.09835672371377116, -0.0679316032880024, 0.04522332367185394, -0.22104682394116862, 0.18508087508961413, -0.07956645196083365, -0.010679709438234042, 0.02249481933931713, -0.07929021229831637, 0.08042561110849455, -0.14913585185486405, 0.27301820961228207, -0.13089236669786516, 0.06447495637369613, 0.012882898115825547, 0.0026392072978639602, 0.10073218843813206, -0.10342780688234654, 0.17284026284074902, -0.23155638370636655, 0.11109534535356173, -0.042375566274186025, -0.012040308806975542, 0.04537010870132882, -0.17623976045113288, 0.14329952673982288, -0.14367230312136947, 0.19638874923085892, -0.12567078008275084, 0.021416104427516333, -2.7755575615628914e-17, -0.002743837949393528, 0.14401884546990745, -0.0796426910649233, 0.08671532883245224, -0.0374896809369481, -0.052685567472612785, -2.0816681711721685e-17, -0.0068433173200526465, 0.02676569102746651, -0.08211090042434305, 0.051799500233281774, 0.07563183454959566, -0.12141176142070123, 0.27717209884871497, -0.04555534682119296, -0.007809614126911493, -0.008555855350770178, 0.004445423657788095, -0.0029388289081250622, -0.09636475252921262, 0.2570846604984107, -0.333748313454182, 0.06340146996527597, 0.00728982786062498, 0.00666049489023719, 0.10226881730969485, 0.005866678221414323, 0.041002181153495146, -0.22259502495190897, 0.31342584794566875, -0.12387090363742678]
Variance of component 57 : 0.00135118411337

Component 58:  [5.732694430744217e-19, 0.023657690365169477, -0.10149097199886345, 0.06072133151028316, -0.03574447432740571, 0.10900432416930116, -0.07971920994274674, 0.006404599603741931, -0.005356972743485695, 0.045479242108715755, 0.012645692056580336, -0.05742927393168328, 0.11643075381120105, -0.19866458813513893, 0.01930552723185219, 0.048001303745786324, 0.0062487876423928885, -0.03913446594074257, 0.05863965376539621, 0.12205992846579626, -0.22658048784034931, 0.3162099039112679, -0.04123866152287264, -0.024805998766874, -0.010761514801991851, 0.058998145259506196, -0.12330746057802092, -0.0398597464505943, 0.17460326880619237, -0.3236423178137568, 0.11186462489266237, -0.01851765349145638, -7.979727989493313e-17, -0.11423587445392203, 0.24723907103605916, -0.03733399094383397, -0.10168380268854586, 0.2407290025206775, -0.1379041599621265, -1.717376241217039e-16, 0.0017701503376328495, 0.11484066278479675, -0.34089330440840826, 0.18487704454676762, 0.0994727869643992, -0.13651417218212944, 0.17427012919893253, -0.015674993267122656, 0.009588901720935464, -0.057235175874026156, 0.21388808213531724, -0.12511382723180536, -0.028525158850846742, 0.1522519426094214, -0.21944119750660193, 0.01303791214263372, -0.0064024923091475245, 0.029654066936959704, -0.05744380890230662, 0.04570922344004768, -0.05899677831184836, -0.03895629162664352, 0.16238234420921652, -0.047376267699798656]
Variance of component 58 : 0.00125100742497

Component 59:  [6.766915164243041e-19, 0.02286723438945689, -0.13928087812568826, -0.015433669511004944, 0.013144179901277756, -0.0745846546952207, 0.002274851847055716, 0.0015191126969352998, 0.008288341537766693, -0.01723865275880333, -0.0814073429739883, 0.026644459646455593, -0.019011563986196627, 0.021252399277938712, 0.010780619522557471, -0.0022960433110766794, -0.0022001758383696293, 0.024082323839039462, 0.10759332656503982, -0.09993509665723833, 0.017807397293350825, -0.004895335681673246, 0.022235360663840766, -0.004176695904012866, 0.00099180804046263, 0.052697296550100366, -0.20338206151761787, 0.17684762321690625, -0.11554217836237596, 0.046996922504923024, -0.06511410564587634, -0.0004008706764681569, 2.7755575615628914e-17, -0.13628440771979725, 0.3315888256084922, -0.282280519916193, 0.2224036340976658, -0.1665625505189497, 0.1392208500255494, 1.6653345369377348e-16, -0.007390644726358661, 0.05116923199425747, -0.21928290877426548, 0.2731039157931971, -0.30385542119997383, 0.1494115010707564, -0.12762375204313536, 0.0032554368718622564, -0.00534706215644452, -0.005259303180991144, 0.08707158995303356, -0.17405992860068104, 0.21728447325426117, -0.20488627326687495, 0.07258227968959788, -0.012923630554876712, -0.004755653917958996, -0.0035142785643964046, 0.07634566325357085, 0.11062335804156458, -0.1431153075796656, 0.28973584748183095, -0.165791434057874, 0.059788404950483064]
Variance of component 59 : 0.00103695730156

Component 60:  [-2.5456980540608062e-18, -0.02635437298969257, 0.6864464652398722, -0.018188442637314648, 0.056287141009291455, -0.0017025656502374278, 0.005392186015867405, 0.006467758412170881, -0.0023919450112799903, 0.06344924437209659, -0.14884835195259075, 0.05727678103174101, -0.03432097964973993, -0.0065380671814430635, 0.008905951000657018, -0.024344548729935724, 6.190026200886267e-05, -0.02914121283959424, 0.054166918000917, -0.07179096429213783, 0.06716249087907256, 0.008651656647570227, 0.0076703776165813475, 0.014468767264056714, 0.006691700927913047, 0.03022736544307003, -0.0440224185911442, 0.06315841461545396, -0.06164930001100641, 0.003423571377601839, -0.017186578597368704, -0.004158760389789906, -2.0816681711721685e-17, -0.02271470246589115, 0.04705432832325187, -0.06801136249061987, 0.058478628339378794, -0.0068278429812646535, 0.005316954784039118, 1.0408340855860843e-17, 0.0006321758836118829, 0.003455690714936847, -0.02367202122408444, 0.05804467104294181, -0.05155401836119948, -0.0024132186539715696, 0.007173044513970041, 0.0015416030371851932, 0.0035404532514327815, -0.017928108042739824, 0.050657727575892667, -0.03550235693491952, -0.012933236932175143, 0.039814592994106175, -0.026908001023112745, -0.01350492501965253, 0.011206198491697331, -0.004592615045048821, -0.6568072016631543, 0.04297167567002881, -0.08656063995221008, -0.020638072481932324, 0.04663904642767021, -0.023447697601743887]
Variance of component 60 : 0.000825350944818

Component 61:  [0.0, -6.245004513516506e-17, 1.175423154567672e-16, -1.5945692307701834e-16, 2.979028922668151e-16, -5.718050473993899e-17, 3.036071222858316e-17, 8.2092365202592e-17, -2.2353226020442496e-16, 7.908255548088091e-17, 2.0713482847628466e-17, -1.0058730140774036e-16, -5.125274995929524e-18, 2.824895662326245e-16, -1.2685975666160496e-16, 2.2816370631398033e-16, 6.165475271169754e-17, 1.0174329149882693e-17, -1.3318633883413287e-16, -5.431497884785596e-17, -2.1043387466378474e-16, -2.2904387514767625e-16, 4.603293294657646e-17, -6.2017857090198924e-18, -7.837138253920799e-17, 9.240290586923762e-17, 1.4350561523091028e-16, 6.593240583915864e-17, 1.751104127443199e-16, -8.399913627116635e-17, 1.179017235886809e-16, 5.576765822652388e-17, -0.9999739719053845, 1.734723475976807e-17, -2.498001805406602e-16, 8.326672684688674e-17, -3.2959746043559335e-17, 0.0, 2.42861286636753e-16, 0.007214950572902463, -5.551115123125783e-17, -1.942890293094024e-16, 6.245004513516506e-17, -2.0816681711721685e-16, -8.326672684688674e-17, -1.1102230246251565e-16, -2.636779683484747e-16, -8.326672684688674e-17, 0.0, 1.942890293094024e-16, -1.6653345369377348e-16, 1.1102230246251565e-16, -1.3877787807814457e-16, -2.7755575615628914e-17, -7.632783294297951e-17, 1.1102230246251565e-16, -2.7755575615628914e-16, -8.326672684688674e-17, -2.42861286636753e-17, -4.163336342344337e-17, 3.0531133177191805e-16, 1.5265566588595902e-16, -2.42861286636753e-17, -9.71445146547012e-17]
Variance of component 61 : 3.23475858213e-33

Component 62:  [0.0, -1.5238461534283765e-16, -8.13072839255396e-17, 1.1462415630111673e-16, -9.86873422866091e-17, 3.5194419257684495e-16, -1.4355589240142215e-16, 1.3261112948910941e-16, -5.86928675512782e-17, -7.41068305082624e-17, -1.1705618422679297e-16, -6.283412658692498e-17, 4.2677807253935694e-17, 5.246340681391736e-17, -2.9777704285021635e-16, -2.168815748208458e-16, 3.299404349332874e-17, 6.148046326972245e-17, -9.363317741817839e-17, 3.848170559757559e-17, 1.4612121952398454e-16, -1.0114361120093165e-16, 5.140743933440517e-16, 2.157224537485722e-16, -8.709611562104663e-18, -7.61656021790218e-17, 2.400663621217755e-16, -1.0661599646604139e-16, -9.855662896277951e-17, 8.089384206534484e-17, -4.814456367085546e-16, -1.8317545635125684e-16, -0.007214950572902551, -1.6192559446071009e-16, 3.415236843329339e-17, 1.9678269430611905e-16, -1.1430879029786234e-16, 2.389581588158052e-16, 9.64939933512099e-18, -0.9999739719053845, -1.6263032587282567e-17, 3.5675672485635523e-16, -8.527250086598492e-17, -1.3986208025063007e-17, -3.0509449133742095e-16, -3.0531133177191805e-16, -1.1622647289044608e-16, -1.2576745200831851e-16, 1.8930169931596907e-16, -2.187919984075748e-16, 8.803721640582296e-17, -1.3964523981613297e-16, 3.161533534967731e-16, 1.431146867680866e-17, 5.4386291477304116e-17, 1.8344700758454735e-16, -7.697835424647081e-17, 1.7824283715661693e-16, -1.7265919596831658e-17, 2.598832607447754e-16, -2.280077168737016e-16, 1.4842727741326556e-16, 9.80118763926896e-17, -2.430781270712501e-16]
Variance of component 62 : 6.39352227221e-34

Component 63:  [1.0, -2.831909988149848e-18, 5.0359663636835616e-18, -5.315556908155819e-18, 2.177613147097187e-18, 1.3012467129160885e-17, 5.530126033140112e-18, -3.3632310262380863e-19, -6.93557832157852e-19, 2.891200926957469e-18, 5.660474776853192e-18, -1.089053893536996e-17, 1.864215495602321e-18, -1.8403819144613062e-17, -6.965151040597615e-18, 3.938197212969351e-18, 3.254721178429756e-19, -2.423614027326778e-18, -1.3626136977391969e-18, 6.960903182995737e-18, 4.412132657948035e-22, 1.3473152100608246e-17, -1.1241107394560546e-17, 4.126006340585664e-18, -4.555133258742083e-19, 7.206543651262273e-19, -1.0713459488272218e-18, 8.770778407060141e-19, -6.835312738366005e-20, 4.302873154877015e-18, 2.525955983623655e-19, -1.4438395388408067e-18, 0.0, 2.9416927831745486e-19, 3.145743230237107e-18, 2.940701540796107e-18, 1.0654937908584266e-18, 4.046767062678383e-18, -2.234832455109975e-18, 3.5264830524668625e-38, 3.4455514943425773e-19, 2.3404449185506276e-18, 1.6068073535604874e-18, -3.770903749252017e-18, 7.7949879094915455e-19, 1.4164787063117635e-19, -1.4410843625037634e-17, 1.2789495398475975e-18, 1.88046359582414e-18, -4.409029763636895e-18, -3.4284220512516257e-18, 1.2332553008598396e-17, -2.7878893645157015e-18, -6.375656818228225e-18, 1.318314741614124e-17, -7.672835025010238e-19, -1.2610027946122311e-19, 4.492959864243409e-18, -4.94169953784941e-18, 6.5030001628535e-18, 8.808061684223622e-18, 9.446466422897875e-18, -1.1910194310674181e-17, 1.3987361668878448e-18]
Variance of component 63 : 6.29595279791e-34
